178 130 122 125 
174 122 122 125 
174 110 122 125 
176 103 122 125 
177 95 123 126 
176 87 123 126 
180 81 123 126 
183 74 122 125 
187 69 123 126 
195 64 123 126 
201 63 123 126 
206 63 122 125 
210 64 123 126 
216 63 122 125 
216 62 122 125 
218 65 122 125 
224 72 122 125 
229 68 122 125 
222 62 122 125 
216 79 122 125 
226 87 122 125 
249 99 122 125 
245 121 122 125 
244 134 122 125 
235 108 122 125 
227 129 122 125 
261 153 122 125 
265 128 122 125 
284 145 123 126 
294 140 123 126 
291 91 123 126 
282 119 123 126 
327 130 123 126 
355 117 123 126 
324 130 123 126 
328 91 123 126 
306 86 124 127 
301 122 124 127 
287 103 124 127 
320 108 124 127 
310 108 124 127 
345 91 124 127 
347 84 124 127 
337 64 124 127 
337 64 124 127 
315 63 124 127 
311 64 124 127 
296 66 123 126 
301 67 123 126 
277 63 123 126 
285 63 123 126 
270 63 123 126 
292 64 123 126 
290 67 123 126 
278 65 123 126 
270 63 122 125 
310 63 122 125 
303 65 123 126 
287 65 123 126 
271 65 123 126 
298 63 123 126 
306 81 123 126 
291 77 124 127 
280 63 123 126 
275 63 123 126 
286 63 122 125 
278 67 123 126 
297 63 122 125 
262 64 122 125 
258 62 122 125 
263 62 122 125 
255 62 121 124 
238 62 121 124 
220 62 122 125 
225 62 121 124 
198 63 121 124 
183 62 121 124 
169 64 122 125 
183 62 121 124 
156 62 121 124 
152 69 121 124 
170 62 120 123 
144 67 120 123 
154 68 120 123 
141 61 120 123 
100 61 120 123 
71 61 120 123 
60 61 120 122 
82 61 120 122 
60 68 119 122 
61 61 119 122 
60 64 119 122 
68 66 120 122 
60 61 119 122 
60 78 119 122 
59 61 119 122 
59 60 118 121 
59 60 118 121 
59 60 117 120 
58 60 117 120 
58 59 116 119 
60 59 116 118 
58 60 115 118 
57 59 114 117 
57 60 114 117 
57 63 115 118 
58 60 115 118 
57 59 115 117 
57 58 114 117 
57 58 113 116 
58 58 113 116 
58 74 113 116 
97 80 113 116 
113 97 113 115 
104 76 113 116 
103 67 113 116 
102 58 113 116 
100 58 113 116 
97 58 113 116 
103 58 113 116 
100 58 112 115 
105 58 113 115 
108 57 112 115 
112 58 112 115 
121 57 112 115 
123 58 113 115 
138 58 113 116 
148 96 113 116 
154 86 113 116 
148 91 113 115 
152 91 113 116 
187 108 113 116 
173 122 113 116 
184 117 113 115 
212 114 113 116 
183 92 113 116 
199 91 113 116 
224 95 113 115 
230 123 113 116 
260 135 113 116 
267 135 113 115 
258 138 113 115 
244 131 113 115 
255 130 113 116 
256 144 113 116 
228 157 113 116 
231 145 113 116 
236 166 114 116 
239 160 113 116 
221 154 113 116 
224 165 114 116 
227 169 114 116 
225 166 113 116 
225 169 113 116 
243 187 113 116 
261 195 113 116 
253 202 113 115 
258 200 112 115 
268 210 112 115 
280 209 112 115 
264 192 112 115 
241 194 113 115 
237 206 113 115 
251 207 112 115 
