72 43 31 45 
72 43 31 45 
72 42 31 45 
74 42 31 45 
76 42 32 46 
80 41 31 46 
81 39 32 46 
84 39 32 46 
89 40 32 46 
91 41 32 46 
94 41 31 45 
94 41 31 45 
95 42 31 45 
92 42 31 46 
85 43 31 45 
78 42 31 46 
73 42 32 46 
68 40 32 47 
62 40 32 47 
56 40 32 46 
52 41 32 47 
45 43 32 47 
39 42 32 46 
36 41 32 46 
31 42 32 46 
31 44 31 46 
33 44 31 46 
35 41 31 45 
35 41 31 45 
33 43 31 45 
32 43 31 44 
32 43 31 44 
32 44 30 43 
32 45 29 43 
36 46 29 42 
36 45 29 42 
38 47 29 43 
39 46 29 42 
41 47 29 42 
45 48 29 43 
51 50 30 43 
51 53 30 43 
57 54 29 43 
56 56 30 43 
57 56 30 44 
59 58 30 44 
61 60 30 44 
60 58 31 44 
61 57 30 44 
61 50 30 44 
63 42 31 45 
65 42 31 45 
66 39 31 45 
67 39 31 45 
70 37 30 44 
73 39 30 44 
73 39 30 44 
74 43 30 44 
75 43 30 43 
78 42 29 43 
80 41 29 42 
81 41 29 42 
81 47 29 42 
83 47 28 41 
84 46 28 41 
82 47 29 42 
81 46 29 42 
78 47 29 42 
75 47 29 42 
73 49 29 42 
71 49 29 42 
71 49 29 42 
72 50 29 43 
75 49 30 43 
74 49 30 44 
75 49 30 44 
75 49 30 44 
75 49 30 44 
74 49 30 44 
75 49 30 43 
71 50 30 44 
68 53 30 43 
68 53 30 43 
64 50 30 43 
60 52 29 42 
59 48 29 42 
59 50 29 42 
51 61 29 42 
49 57 29 42 
47 51 29 42 
46 48 29 42 
44 47 29 42 
17 75 29 42 
18 75 29 43 
14 74 29 42 
14 75 28 41 
20 76 28 41 
18 76 27 40 
14 76 28 41 
14 74 28 41 
14 74 28 40 
20 76 27 40 
15 76 27 39 
13 76 27 39 
16 77 27 39 
13 74 27 39 
16 77 26 38 
15 77 26 38 
13 77 26 37 
19 78 25 37 
13 78 25 37 
12 78 25 36 
12 78 24 35 
12 79 24 34 
13 79 23 34 
13 79 23 34 
11 78 23 33 
12 80 23 33 
11 80 22 32 
11 79 22 32 
11 80 22 32 
11 79 22 32 
11 81 21 31 
10 78 21 30 
10 81 20 29 
10 82 20 29 
10 80 19 28 
9 82 19 27 
9 83 18 26 
35 83 18 27 
73 64 18 27 
77 60 18 27 
72 55 18 27 
77 56 18 26 
72 59 18 27 
79 57 18 27 
83 62 18 26 
84 60 19 27 
83 61 19 27 
85 61 19 28 
79 62 19 27 
76 62 19 28 
73 62 19 28 
75 61 19 28 
75 54 19 28 
75 52 19 27 
74 53 19 27 
77 52 19 27 
79 52 18 27 
78 53 18 26 
75 49 18 26 
74 45 17 25 
73 45 17 24 
73 45 17 25 
75 48 17 25 
73 48 17 25 
71 45 17 25 
70 45 17 24 
70 47 17 25 
69 46 17 25 
66 47 17 25 
65 45 18 26 
66 47 18 26 
65 47 17 25 
64 47 17 25 
58 44 18 26 
60 47 18 26 
56 47 18 26 
54 44 18 26 
53 47 18 26 
52 50 18 26 
44 43 18 26 
44 46 18 26 
48 49 18 26 
51 50 18 26 
51 51 18 26 
51 46 18 27 
64 40 18 26 
54 45 18 26 
54 63 18 26 
53 65 19 27 
53 65 19 27 
52 65 19 27 
51 66 18 27 
49 66 18 27 
51 68 19 27 
55 81 19 27 
59 83 18 26 
54 82 18 26 
62 84 17 24 
62 83 17 24 
59 84 16 24 
60 83 16 23 
59 85 15 22 
65 85 15 22 
76 83 15 21 
53 86 14 20 
50 85 15 21 
45 86 14 21 
45 85 15 22 
44 86 14 21 
48 85 14 21 
49 81 14 21 
50 86 14 21 
49 85 15 21 
48 85 15 22 
44 85 15 22 
46 85 15 22 
50 81 15 22 
51 83 15 22 
52 75 15 21 
51 82 15 21 
50 85 15 22 
51 85 15 21 
52 85 15 21 
50 79 15 22 
13 84 15 22 
12 85 15 22 
13 85 15 22 
12 86 14 20 
13 86 14 20 
11 86 13 20 
11 87 13 18 
7 87 12 18 
6 87 12 18 
12 87 12 18 
6 87 12 18 
12 87 12 18 
6 87 13 18 
8 84 13 19 
7 86 14 20 
7 84 14 20 
8 86 14 20 
7 86 14 20 
7 81 13 20 
7 85 13 19 
43 86 13 19 
62 86 13 20 
51 81 13 20 
18 86 13 19 
9 86 13 19 
7 85 13 19 
9 86 13 19 
13 86 14 20 
7 86 13 19 
7 86 14 20 
6 87 13 19 
23 70 13 19 
18 68 13 20 
19 69 14 20 
17 66 14 20 
16 68 14 20 
16 69 14 20 
7 80 14 21 
36 86 14 21 
7 82 14 21 
7 83 15 21 
7 78 14 21 
7 86 14 20 
33 86 14 20 
33 86 14 20 
32 87 13 19 
31 87 13 19 
30 87 12 18 
32 87 12 18 
38 87 12 18 
42 87 12 18 
37 87 12 18 
63 70 12 18 
67 54 12 17 
67 54 12 17 
61 51 11 17 
67 57 12 17 
64 55 12 17 
63 56 12 17 
59 53 12 17 
61 54 12 17 
57 51 12 17 
63 53 11 17 
64 52 11 17 
69 55 11 17 
70 54 11 17 
68 51 12 17 
68 56 11 16 
71 59 11 16 
71 59 11 16 
78 62 11 16 
70 55 11 16 
76 57 11 15 
74 58 11 16 
75 59 11 16 
74 56 11 17 
72 53 11 16 
75 58 11 16 
74 56 11 16 
70 55 11 15 
71 57 11 15 
66 56 10 15 
76 60 11 16 
73 61 11 16 
73 62 11 16 
77 62 11 16 
76 61 11 16 
75 61 11 16 
76 64 11 16 
74 62 11 16 
71 63 11 15 
73 64 11 16 
69 61 11 15 
72 60 11 15 
74 59 10 15 
70 56 10 15 
70 54 9 14 
74 52 9 14 
70 52 9 13 
55 41 9 13 
58 46 9 13 
54 44 9 13 
57 51 9 13 
52 50 9 13 
54 52 9 13 
51 52 9 13 
49 54 9 13 
49 54 9 13 
50 54 9 13 
49 53 9 14 
54 56 9 13 
56 57 9 13 
54 56 9 13 
61 59 9 14 
54 47 9 14 
55 55 10 14 
57 53 10 14 
62 56 10 15 
62 54 10 15 
71 58 10 15 
68 57 10 14 
68 58 10 14 
70 57 10 14 
65 68 10 14 
66 55 10 14 
64 54 10 14 
64 54 10 14 
59 48 10 14 
53 43 10 14 
49 44 10 15 
50 51 10 15 
44 49 10 15 
39 53 10 15 
34 52 10 15 
32 54 10 15 
32 55 10 15 
29 47 10 15 
38 57 10 15 
43 63 10 15 
31 49 10 14 
38 57 10 15 
42 60 11 15 
40 58 11 16 
35 51 11 16 
39 53 11 16 
44 57 11 16 
44 53 11 16 
53 57 11 16 
46 52 10 15 
48 52 11 16 
48 56 11 15 
50 59 11 16 
50 59 11 16 
52 60 11 16 
52 60 11 16 
60 64 11 16 
55 61 11 16 
60 63 11 16 
56 57 11 15 
64 63 10 15 
65 63 11 15 
63 59 11 16 
69 62 12 17 
67 59 12 17 
70 61 12 17 
73 61 11 17 
73 58 11 17 
67 52 11 17 
70 49 11 16 
63 43 11 17 
58 44 11 16 
60 49 11 16 
74 76 11 16 
59 70 11 16 
62 78 11 16 
70 87 11 15 
73 89 10 15 
72 87 10 15 
76 89 10 14 
77 86 10 14 
75 82 10 14 
75 78 10 15 
72 78 11 16 
59 73 11 15 
57 62 11 15 
57 63 10 15 
59 74 11 15 
59 73 10 15 
64 67 10 15 
71 69 10 15 
71 71 10 15 
69 73 10 14 
70 74 10 14 
69 72 10 14 
69 72 10 14 
69 72 10 14 
68 73 10 14 
65 68 9 14 
56 65 10 14 
55 64 9 14 
54 62 9 14 
53 61 9 13 
55 65 9 13 
56 66 9 13 
55 63 9 12 
56 65 8 11 
56 62 7 11 
58 62 7 11 
59 61 8 11 
57 64 8 11 
59 64 8 11 
59 76 8 12 
62 71 8 11 
64 77 8 11 
67 76 8 11 
55 52 8 12 
36 50 8 12 
37 51 8 12 
39 54 8 11 
40 55 7 11 
47 57 7 11 
42 56 7 11 
49 64 7 11 
53 67 7 10 
47 55 7 11 
65 64 7 10 
53 61 7 10 
47 53 7 11 
48 56 7 11 
48 56 7 11 
47 56 7 11 
49 56 8 11 
50 58 7 10 
53 63 7 10 
55 72 7 11 
66 65 8 11 
48 51 7 11 
49 56 7 10 
51 64 7 10 
47 51 7 10 
56 41 7 10 
64 57 7 10 
42 52 7 10 
38 51 7 10 
36 49 7 10 
34 47 6 9 
32 48 6 9 
31 39 6 9 
27 39 6 9 
24 38 6 9 
18 39 6 9 
20 39 6 9 
17 35 6 9 
13 28 6 9 
8 34 6 9 
4 32 6 9 
3 24 6 9 
3 17 6 8 
3 16 6 8 
3 16 5 8 
2 30 5 7 
3 16 5 7 
3 33 5 8 
3 52 5 7 
3 74 5 8 
5 90 5 8 
6 92 5 8 
3 77 5 8 
2 74 5 7 
5 92 5 7 
2 77 4 7 
15 81 4 6 
2 92 4 6 
5 93 5 7 
9 93 5 7 
18 92 5 7 
21 92 5 7 
17 93 4 7 
19 92 5 7 
43 80 4 6 
61 80 5 7 
64 65 5 7 
61 64 5 7 
61 64 5 7 
