27 179 42 26 
29 180 42 26 
29 180 42 26 
32 180 42 26 
34 180 42 26 
36 182 43 26 
35 181 42 26 
36 181 43 26 
38 181 43 26 
39 183 42 26 
39 182 43 26 
41 183 43 27 
43 182 43 27 
44 183 44 27 
45 183 44 27 
47 183 44 27 
48 182 44 27 
50 182 44 27 
51 182 44 27 
50 182 44 27 
55 185 44 27 
55 183 44 28 
55 183 44 28 
59 183 44 27 
61 184 44 27 
61 184 44 28 
62 183 45 28 
64 183 44 28 
65 186 44 27 
66 184 44 27 
66 184 44 27 
70 186 44 27 
70 186 44 27 
71 185 44 27 
71 185 44 27 
71 185 44 27 
74 186 44 27 
74 187 44 27 
74 185 43 27 
77 186 44 27 
77 186 44 27 
79 185 43 27 
79 185 43 27 
79 185 43 27 
82 185 43 27 
84 185 43 27 
82 184 43 27 
82 183 44 27 
86 183 44 27 
86 183 44 27 
89 182 44 27 
89 182 44 27 
90 182 43 27 
93 185 44 27 
92 184 43 27 
95 183 43 27 
97 184 44 27 
96 184 44 27 
100 183 43 27 
102 183 44 27 
100 184 44 27 
102 185 44 27 
102 184 43 27 
100 185 43 27 
100 185 43 27 
101 185 43 27 
101 186 43 27 
104 185 43 27 
104 184 43 27 
103 185 43 27 
102 187 43 26 
102 187 43 27 
104 187 43 27 
106 188 43 27 
103 188 43 27 
104 188 43 27 
107 189 44 27 
105 188 44 27 
104 189 43 27 
104 189 43 27 
104 188 43 27 
103 189 43 27 
105 188 43 27 
105 188 43 27 
105 189 43 26 
105 190 43 26 
106 188 43 27 
105 188 43 27 
106 191 43 27 
106 191 43 27 
106 191 43 27 
105 190 43 27 
106 191 44 27 
106 190 43 27 
104 190 44 27 
105 191 44 27 
106 192 44 27 
105 191 44 27 
106 192 44 27 
106 192 44 27 
107 192 44 27 
107 191 43 27 
107 192 43 26 
106 191 42 26 
108 192 43 26 
107 192 43 26 
108 192 43 26 
106 191 42 26 
109 192 43 27 
110 192 43 26 
109 193 42 26 
111 192 42 26 
111 192 42 26 
111 192 42 26 
113 191 42 26 
111 191 42 26 
113 192 42 26 
112 192 42 26 
113 193 42 26 
113 192 42 26 
113 192 42 26 
115 191 42 26 
115 191 42 26 
116 191 43 26 
117 190 43 26 
117 190 43 26 
119 190 43 26 
121 190 43 26 
121 190 43 26 
121 190 43 26 
122 191 43 27 
125 191 43 27 
125 189 43 26 
126 191 42 26 
129 191 42 26 
129 190 43 26 
131 191 42 26 
132 191 42 26 
133 190 43 26 
133 190 43 26 
135 191 43 26 
137 191 43 27 
139 190 43 26 
139 191 43 26 
142 191 43 26 
143 190 43 27 
141 191 42 26 
147 190 42 26 
149 189 42 26 
149 189 42 26 
151 191 42 26 
155 191 42 26 
155 190 42 26 
158 191 42 26 
159 191 43 26 
160 188 43 27 
161 190 43 27 
161 187 43 26 
162 187 43 26 
145 189 43 27 
173 189 42 26 
169 189 42 26 
168 187 41 26 
160 188 41 25 
178 189 41 25 
178 190 41 25 
188 193 41 25 
185 190 41 25 
178 191 41 25 
174 187 41 25 
151 185 41 25 
130 183 41 25 
132 186 41 26 
160 187 41 25 
190 191 41 25 
191 189 41 25 
195 190 41 25 
185 187 41 25 
196 190 41 25 
195 189 40 25 
196 189 41 25 
199 191 41 25 
186 185 41 25 
191 187 41 26 
191 188 41 26 
215 192 41 25 
219 192 41 25 
222 191 41 25 
226 193 41 25 
234 191 41 25 
237 190 41 25 
240 188 41 25 
251 191 41 25 
260 191 41 25 
255 190 41 25 
254 187 41 26 
261 186 41 26 
265 186 41 26 
268 187 42 26 
267 186 42 26 
263 187 42 26 
257 184 43 26 
259 183 43 26 
248 182 43 26 
246 180 43 26 
242 181 43 26 
265 189 43 26 
235 179 42 26 
235 179 42 26 
240 180 43 26 
243 177 43 27 
255 179 43 27 
261 178 43 27 
262 176 44 27 
271 172 44 27 
283 177 44 27 
294 176 44 27 
293 176 44 27 
306 176 45 28 
312 175 45 28 
324 175 45 28 
329 173 44 27 
343 174 44 27 
346 172 44 27 
354 172 44 27 
364 172 44 27 
370 169 45 28 
375 168 45 28 
382 167 44 28 
390 166 44 27 
393 164 44 27 
399 166 44 27 
402 163 44 27 
406 163 44 27 
414 163 44 27 
419 163 44 27 
421 163 44 27 
426 163 44 27 
430 163 44 27 
435 161 44 27 
441 161 44 27 
444 159 44 27 
451 159 44 27 
456 159 44 27 
465 158 44 27 
473 157 44 27 
483 157 44 27 
496 157 44 27 
512 157 45 28 
530 155 45 28 
550 154 44 27 
574 155 44 27 
