94 198 87 290 
98 196 87 290 
102 197 87 290 
103 198 87 290 
106 197 87 290 
110 196 87 290 
113 196 87 291 
115 197 87 290 
119 197 87 290 
122 197 87 290 
125 196 87 290 
128 196 87 289 
132 197 87 289 
135 197 87 290 
138 197 87 289 
141 199 86 288 
143 198 86 288 
148 199 86 288 
149 198 86 286 
153 199 86 286 
155 199 86 286 
158 199 85 284 
160 200 85 285 
163 199 86 286 
166 198 86 286 
168 197 86 285 
171 199 86 285 
173 197 86 285 
174 197 85 285 
177 197 85 285 
180 197 86 286 
183 198 86 288 
185 198 86 287 
188 198 87 289 
190 197 86 288 
191 194 86 288 
194 195 86 287 
195 193 86 287 
198 193 86 286 
201 192 86 286 
203 191 86 286 
205 194 86 287 
206 193 86 286 
209 193 86 287 
211 192 86 287 
212 191 86 286 
214 191 86 285 
214 190 85 284 
218 191 85 284 
221 190 85 283 
222 190 85 282 
223 191 85 282 
225 189 85 283 
227 188 84 281 
229 188 84 281 
231 188 84 281 
232 186 84 281 
233 186 84 280 
236 186 84 279 
236 185 84 279 
238 184 83 277 
240 185 83 278 
242 183 83 277 
243 184 83 278 
243 186 84 278 
246 182 83 277 
247 182 83 278 
249 185 83 278 
250 183 84 280 
252 184 84 279 
252 184 84 279 
253 183 84 280 
256 183 84 279 
257 182 83 278 
258 182 83 277 
260 182 83 278 
261 183 83 277 
260 181 83 277 
262 181 83 276 
267 185 83 276 
268 184 83 277 
269 183 83 276 
270 183 83 277 
271 183 83 276 
268 183 83 276 
270 182 83 275 
264 184 83 275 
270 184 83 275 
276 184 82 275 
276 183 82 273 
274 182 82 273 
275 184 82 273 
278 182 82 273 
279 183 82 272 
285 183 81 270 
285 183 81 269 
283 182 80 268 
285 182 81 269 
286 182 81 269 
284 181 81 268 
289 181 81 269 
290 179 81 268 
291 180 81 269 
289 181 81 269 
293 180 81 269 
293 181 81 270 
296 180 81 270 
297 181 81 269 
297 182 80 267 
296 179 80 268 
300 179 80 266 
301 181 80 267 
302 178 80 266 
302 178 80 267 
303 178 80 267 
303 179 80 267 
304 177 80 267 
305 175 80 267 
303 176 80 268 
304 175 80 268 
306 171 80 267 
306 171 80 268 
308 169 80 267 
305 169 80 267 
306 168 80 267 
307 168 80 267 
306 170 80 267 
306 169 80 266 
306 167 80 266 
306 167 80 266 
310 164 80 265 
307 165 80 265 
304 164 80 266 
307 164 80 267 
306 165 80 267 
307 164 80 267 
308 165 80 266 
309 166 80 267 
310 166 80 266 
310 166 80 265 
311 165 79 264 
311 165 79 263 
313 167 79 263 
313 165 79 262 
313 165 79 262 
315 166 79 263 
315 166 79 263 
316 165 79 263 
316 165 79 263 
317 166 79 262 
318 166 78 261 
320 165 78 262 
320 165 78 262 
321 166 78 261 
324 166 79 262 
324 165 79 263 
324 165 79 263 
326 167 79 262 
326 168 78 261 
326 168 78 261 
326 165 78 261 
326 164 78 261 
326 163 78 261 
326 163 78 261 
326 164 78 261 
328 163 78 261 
328 163 78 260 
328 163 78 260 
328 162 79 262 
328 162 79 262 
328 160 78 261 
330 160 78 261 
330 160 78 261 
332 159 78 261 
333 160 78 261 
332 159 78 261 
332 159 78 261 
334 158 78 259 
333 160 77 258 
333 158 77 258 
335 159 77 256 
337 159 77 256 
339 156 77 256 
336 157 77 255 
337 155 76 255 
338 159 76 254 
339 158 76 254 
339 158 76 254 
337 157 76 253 
338 158 76 253 
340 158 76 253 
340 157 76 254 
343 158 76 253 
344 161 76 253 
344 161 76 252 
344 161 76 252 
342 164 75 251 
346 160 75 251 
347 160 75 250 
346 160 75 250 
344 163 75 250 
346 160 75 251 
345 160 75 251 
346 160 75 249 
349 161 75 249 
349 160 74 247 
349 161 74 247 
349 161 74 247 
349 161 74 247 
349 161 74 247 
347 160 74 248 
350 159 74 247 
351 160 74 248 
350 159 74 247 
349 160 74 246 
352 161 74 246 
351 159 74 246 
351 159 74 247 
350 159 74 245 
351 159 73 244 
351 159 73 244 
352 159 74 245 
352 159 74 245 
350 160 73 245 
353 158 74 246 
351 160 73 244 
351 158 73 244 
355 159 73 242 
351 158 73 242 
354 159 72 240 
351 158 72 239 
354 158 72 240 
354 158 72 240 
354 158 72 240 
353 158 72 239 
353 157 71 238 
353 157 71 238 
355 157 71 236 
355 157 71 236 
353 157 71 236 
354 157 71 236 
353 156 71 236 
353 156 71 236 
353 156 71 236 
353 156 71 236 
353 156 71 236 
352 157 71 237 
352 156 71 238 
352 156 71 238 
352 156 71 238 
352 156 71 238 
351 156 71 237 
352 156 72 239 
351 155 72 239 
352 154 72 238 
352 154 72 238 
353 155 71 238 
352 155 72 239 
352 155 72 239 
351 155 72 239 
351 155 72 239 
351 155 72 239 
351 155 72 239 
351 155 72 239 
351 155 72 239 
350 155 72 239 
352 155 72 239 
352 154 72 239 
353 156 71 238 
352 155 71 237 
352 155 71 238 
351 155 71 237 
351 155 71 237 
354 156 71 237 
355 155 72 239 
355 155 71 237 
354 155 71 237 
355 154 71 237 
356 154 71 236 
355 154 71 236 
355 154 71 236 
355 154 71 236 
355 155 71 236 
355 155 71 236 
357 154 71 236 
357 154 71 236 
355 154 71 236 
355 154 71 236 
356 153 71 238 
356 153 71 236 
356 153 71 236 
357 154 70 235 
357 154 70 235 
357 154 70 235 
356 153 70 234 
357 154 70 235 
356 153 70 234 
356 153 70 234 
356 153 71 236 
354 154 70 234 
353 154 71 235 
353 154 71 235 
354 154 70 234 
354 154 70 234 
353 154 70 234 
354 154 70 233 
354 154 70 233 
354 154 70 234 
354 154 70 234 
354 154 70 234 
354 154 70 234 
355 154 70 234 
353 154 70 233 
353 154 69 231 
354 155 69 231 
354 154 69 230 
354 153 69 230 
353 154 69 229 
354 153 68 227 
352 154 68 226 
351 153 68 226 
353 152 68 226 
352 152 68 226 
352 152 68 226 
351 151 68 226 
352 152 68 225 
352 152 68 225 
352 152 68 225 
352 151 68 228 
352 151 68 228 
352 151 68 228 
350 151 68 226 
351 151 68 227 
351 150 67 225 
352 151 67 225 
351 151 68 225 
352 150 68 226 
352 150 68 226 
352 151 67 225 
350 151 67 224 
350 150 67 223 
352 150 67 224 
352 152 67 224 
354 151 67 225 
353 151 67 224 
353 151 67 224 
353 151 67 224 
354 151 67 223 
352 151 67 223 
353 151 67 222 
353 151 67 222 
