223 168 21 95 
223 167 21 93 
223 166 21 94 
220 163 21 94 
220 163 21 93 
220 160 21 93 
218 160 20 93 
219 160 21 94 
218 157 21 95 
217 157 21 93 
224 155 21 95 
226 154 21 94 
229 154 20 92 
231 154 20 92 
228 155 20 91 
229 155 20 90 
228 156 20 91 
227 154 20 92 
226 154 21 93 
226 154 21 93 
224 151 20 93 
226 152 20 92 
226 152 20 92 
228 149 20 92 
228 149 20 92 
228 150 20 92 
231 151 20 92 
230 147 20 92 
231 148 20 92 
229 147 21 93 
229 146 20 92 
229 143 20 92 
232 144 21 94 
232 145 21 96 
234 145 21 96 
233 145 21 96 
234 146 21 97 
235 146 21 96 
235 144 21 95 
235 144 21 93 
235 145 20 92 
235 148 20 92 
232 151 20 92 
236 153 20 92 
236 157 20 92 
234 157 20 92 
237 158 20 90 
235 160 20 91 
236 160 20 89 
233 160 20 90 
229 159 20 92 
224 158 20 92 
220 157 20 92 
216 155 20 92 
209 152 20 92 
211 151 20 92 
211 151 21 93 
210 151 20 92 
211 151 20 91 
211 154 20 90 
212 154 20 91 
214 155 20 90 
216 157 20 89 
216 157 20 89 
217 156 20 89 
216 157 20 88 
212 154 20 89 
214 156 20 89 
217 153 20 91 
221 156 20 92 
222 152 21 93 
233 151 20 91 
237 148 20 91 
236 146 20 90 
233 147 20 91 
227 145 20 89 
219 148 19 88 
213 148 19 87 
212 146 19 87 
209 144 19 85 
207 137 19 85 
206 130 18 83 
212 124 18 82 
217 119 18 81 
220 116 18 79 
218 114 17 77 
219 112 17 77 
219 117 17 79 
220 118 17 79 
218 121 18 80 
218 127 18 81 
216 132 18 82 
221 138 18 80 
221 142 17 79 
218 149 17 78 
220 146 17 77 
223 148 17 76 
223 154 16 74 
220 159 16 74 
222 163 16 73 
220 165 16 73 
218 175 16 73 
218 186 16 72 
218 167 16 73 
217 175 16 72 
217 175 16 72 
218 175 16 72 
219 171 16 71 
217 171 15 70 
220 166 16 70 
220 161 16 73 
219 165 16 73 
218 156 16 73 
218 161 15 69 
217 158 16 70 
223 159 15 70 
220 156 16 70 
223 155 16 71 
224 157 16 71 
223 158 16 72 
223 162 16 71 
224 163 16 70 
224 163 16 70 
222 165 16 71 
225 166 16 72 
228 164 16 74 
225 165 16 74 
229 165 16 73 
232 166 16 73 
233 166 16 72 
236 168 16 72 
237 169 16 71 
237 170 16 71 
241 171 16 71 
241 163 16 71 
239 170 16 71 
242 172 15 69 
241 169 15 69 
243 170 15 69 
247 168 15 70 
248 168 16 71 
248 166 16 72 
248 166 16 72 
247 164 16 72 
248 164 16 72 
248 164 16 72 
246 163 16 72 
247 163 16 72 
246 161 16 73 
244 161 16 72 
245 158 16 73 
247 156 16 71 
245 156 16 70 
247 155 16 71 
246 153 15 69 
247 154 15 68 
247 154 15 68 
246 153 15 68 
245 153 15 68 
247 151 15 69 
248 152 15 69 
248 151 16 71 
250 151 16 70 
251 149 15 69 
252 150 15 68 
250 148 15 68 
251 147 15 67 
251 147 15 67 
251 150 15 67 
250 149 15 67 
249 149 15 66 
247 148 15 66 
245 147 14 64 
241 153 15 66 
242 142 15 67 
239 146 15 67 
238 148 15 68 
238 147 15 68 
237 148 15 68 
236 147 15 68 
235 147 15 68 
233 146 15 69 
233 146 15 69 
231 146 15 69 
231 146 15 69 
231 145 15 70 
231 147 16 70 
233 148 16 71 
234 149 16 73 
231 147 16 72 
230 150 16 71 
231 151 15 69 
229 150 15 68 
231 152 15 66 
231 152 15 66 
232 153 14 65 
228 151 15 67 
230 149 14 65 
231 151 14 64 
231 152 14 64 
230 152 14 65 
231 152 14 65 
229 152 14 65 
228 153 15 66 
227 155 14 64 
225 153 14 64 
223 147 14 64 
223 152 14 64 
223 150 14 64 
224 149 14 65 
222 147 14 64 
226 154 14 62 
226 159 14 62 
223 163 14 63 
224 162 14 65 
223 167 14 64 
225 172 14 63 
222 176 13 61 
225 175 13 61 
224 175 13 60 
224 175 12 56 
220 179 13 57 
220 180 13 57 
220 182 13 59 
221 183 13 58 
223 181 13 59 
224 179 13 59 
224 179 13 59 
223 178 13 60 
223 182 13 58 
221 182 13 60 
218 182 13 60 
217 182 13 60 
218 177 13 58 
217 177 13 57 
215 176 13 57 
214 176 13 58 
213 178 13 58 
213 177 12 55 
206 178 12 56 
207 180 12 56 
212 178 13 59 
213 180 13 59 
213 179 13 60 
213 179 13 60 
215 180 13 59 
220 179 13 59 
221 180 13 60 
225 179 13 61 
228 180 13 59 
228 180 13 59 
229 176 13 59 
229 176 13 59 
229 175 13 57 
228 172 13 57 
228 172 12 55 
228 169 12 56 
230 166 12 56 
232 163 13 58 
231 162 12 56 
231 162 12 56 
231 162 12 56 
231 162 12 56 
231 162 12 53 
219 165 11 52 
227 164 11 51 
227 162 11 51 
224 166 12 52 
222 166 12 52 
218 166 12 52 
218 166 12 52 
218 167 12 54 
217 167 11 51 
217 167 12 52 
216 164 11 51 
214 165 11 51 
209 164 11 49 
207 164 11 50 
207 164 11 49 
203 164 11 50 
203 161 11 52 
202 159 11 50 
201 158 11 50 
200 156 11 50 
200 155 10 47 
191 156 10 46 
192 152 11 48 
191 149 10 47 
187 149 10 47 
186 148 10 47 
182 147 10 47 
187 142 10 46 
188 141 10 47 
185 141 10 47 
184 137 11 48 
184 138 11 48 
182 136 10 47 
185 136 10 46 
181 135 10 46 
178 134 11 48 
177 132 10 46 
174 133 10 45 
171 133 10 44 
172 131 10 43 
169 130 9 41 
170 129 9 40 
170 127 9 40 
170 126 9 40 
170 126 9 40 
171 130 9 41 
168 131 9 41 
166 132 9 38 
157 136 9 39 
157 136 8 38 
162 133 8 38 
160 131 8 37 
162 131 8 34 
157 130 8 35 
155 131 7 34 
153 131 7 33 
153 131 7 33 
152 132 7 32 
152 132 7 32 
155 130 7 32 
151 132 7 31 
151 132 7 31 
152 131 7 30 
152 132 7 30 
152 132 7 30 
152 132 7 30 
153 134 7 29 
156 134 7 31 
157 137 7 30 
160 139 6 28 
153 147 6 29 
153 150 6 29 
163 146 6 29 
165 148 6 28 
170 147 6 28 
176 149 6 28 
182 148 6 27 
183 147 6 26 
181 146 6 25 
184 147 6 25 
184 147 6 25 
180 148 6 27 
180 148 6 27 
173 149 6 26 
173 149 6 26 
172 147 5 24 
172 145 6 25 
167 147 6 25 
167 144 6 26 
167 143 6 26 
165 144 6 26 
166 144 5 25 
166 144 5 25 
164 145 6 27 
165 145 6 26 
153 148 6 25 
162 144 6 26 
159 144 5 24 
158 141 5 23 
161 137 5 23 
157 136 5 25 
158 136 6 26 
154 136 6 25 
174 135 5 25 
177 137 6 25 
180 139 6 28 
182 143 6 27 
177 150 6 26 
183 150 6 26 
177 159 5 25 
184 158 5 23 
182 162 5 23 
184 160 5 24 
184 162 6 25 
184 162 6 25 
182 165 6 27 
182 164 6 26 
180 166 6 26 
177 169 6 26 
175 167 6 26 
173 166 6 26 
173 164 6 25 
172 160 6 26 
172 154 6 28 
174 148 6 26 
165 147 6 26 
170 141 5 24 
176 135 5 23 
179 132 5 23 
187 130 5 22 
188 129 5 22 
183 131 5 22 
184 132 5 22 
189 132 5 21 
188 133 5 22 
188 136 5 25 
182 142 6 26 
181 143 6 26 
172 149 6 26 
171 152 5 25 
166 157 5 24 
164 159 5 25 
161 162 6 25 
158 163 5 24 
159 164 5 23 
160 164 5 23 
160 164 5 23 
163 162 5 24 
158 161 5 23 
161 159 5 23 
168 155 5 21 
164 155 5 21 
168 153 4 20 
170 149 5 22 
170 149 5 22 
170 147 5 23 
175 143 5 23 
175 143 5 23 
173 139 6 25 
176 137 6 26 
176 136 6 26 
176 136 6 25 
178 133 5 24 
172 135 5 24 
172 135 5 24 
171 135 5 24 
170 134 5 24 
169 135 6 25 
166 134 5 24 
163 134 5 24 
159 134 5 24 
158 132 5 22 
158 131 5 23 
161 129 5 22 
156 131 5 21 
161 128 5 20 
161 125 5 21 
160 123 5 21 
165 120 5 21 
162 120 5 22 
160 120 5 21 
163 120 5 21 
168 117 4 19 
168 118 4 18 
170 118 4 16 
175 118 4 17 
181 120 4 18 
182 125 5 21 
182 131 5 22 
184 135 5 21 
183 139 5 23 
181 141 5 23 
180 143 5 24 
182 143 5 22 
182 143 5 22 
176 144 5 24 
181 145 5 25 
174 147 5 24 
181 149 5 25 
178 150 5 25 
178 153 5 23 
178 155 5 22 
175 157 5 23 
174 158 5 21 
173 158 5 23 
169 162 5 23 
171 160 5 24 
168 162 5 23 
167 161 5 24 
171 158 5 24 
172 159 5 25 
171 160 6 25 
171 160 6 25 
171 160 6 25 
169 163 6 27 
170 159 6 25 
168 160 5 24 
169 157 5 24 
169 154 5 23 
167 154 5 24 
169 149 5 25 
164 148 5 24 
165 147 5 23 
165 144 5 24 
177 140 5 24 
176 139 5 22 
181 135 5 21 
175 135 5 21 
177 134 4 20 
182 131 4 20 
181 131 5 22 
184 129 4 19 
175 131 4 19 
174 130 4 19 
182 129 4 18 
177 130 4 16 
182 130 3 13 
181 130 3 13 
179 130 3 13 
185 128 3 13 
185 128 3 13 
182 128 3 14 
181 127 3 15 
185 125 3 14 
183 124 3 15 
175 125 3 13 
179 124 3 12 
179 123 3 12 
171 125 3 13 
174 124 3 13 
167 126 3 12 
165 127 3 13 
164 127 3 13 
164 123 2 11 
160 124 3 12 
153 124 3 12 
155 122 3 13 
154 121 3 13 
149 123 3 15 
152 120 3 16 
148 123 3 14 
147 123 3 15 
147 123 3 15 
147 123 3 14 
147 123 3 14 
143 122 3 12 
146 122 3 13 
145 123 3 12 
148 125 2 11 
147 130 2 11 
153 134 3 13 
155 140 3 12 
154 147 3 12 
159 151 3 12 
171 153 3 12 
169 156 2 10 
171 156 2 11 
173 155 3 12 
169 153 2 10 
170 146 2 10 
169 143 3 12 
168 141 3 13 
164 136 3 14 
165 131 3 15 
168 129 3 13 
165 128 3 13 
164 126 3 16 
162 126 3 15 
160 124 4 16 
160 124 3 14 
149 121 3 14 
142 119 3 13 
136 116 2 11 
135 113 2 11 
133 108 2 11 
129 104 2 11 
142 94 2 9 
165 91 2 10 
183 84 2 10 
199 74 3 12 
229 76 3 12 
250 78 3 14 
246 79 3 14 
254 84 3 13 
267 80 3 12 
273 79 3 12 
262 85 3 14 
270 82 2 11 
258 92 3 12 
260 106 2 10 
271 109 2 8 
265 116 2 7 
252 132 1 6 
239 146 2 7 
233 152 2 7 
225 155 1 6 
218 155 2 9 
211 156 2 9 
208 156 2 9 
201 156 3 12 
199 155 3 13 
186 154 3 14 
188 148 3 13 
192 145 3 13 
202 143 3 13 
220 139 3 14 
218 139 3 14 
215 141 3 14 
219 141 3 14 
208 148 3 14 
210 146 4 16 
203 153 4 18 
203 155 4 17 
