123 94 107 87 
123 94 107 87 
125 95 107 87 
121 93 107 87 
121 96 107 87 
119 95 107 87 
125 95 107 87 
120 95 107 87 
120 96 107 87 
120 96 107 87 
120 96 107 87 
118 96 108 87 
118 96 108 87 
119 95 107 87 
119 95 107 87 
117 95 107 87 
116 96 107 87 
116 96 107 87 
117 95 106 87 
115 95 107 87 
116 96 107 87 
116 96 107 87 
116 96 107 87 
115 95 106 86 
116 96 107 87 
114 95 107 87 
114 94 107 87 
114 96 107 87 
114 95 106 87 
114 95 106 87 
114 94 106 86 
114 94 106 86 
114 94 106 86 
113 94 106 86 
114 94 106 86 
110 94 107 87 
113 94 107 87 
113 93 107 87 
113 94 107 87 
113 94 107 87 
113 94 107 87 
113 94 107 87 
113 94 107 87 
111 95 107 87 
113 95 107 87 
113 95 107 87 
117 97 106 87 
115 95 107 87 
115 95 107 87 
114 94 106 87 
114 94 106 87 
118 95 106 87 
116 96 107 87 
118 98 106 87 
115 95 107 87 
117 98 107 87 
116 99 107 87 
118 98 107 87 
117 99 107 87 
118 98 108 87 
118 98 108 87 
118 98 108 87 
118 99 107 87 
118 98 108 87 
118 97 108 87 
117 98 108 88 
117 96 108 88 
118 97 108 88 
118 97 108 88 
118 95 108 88 
118 97 108 88 
120 96 109 88 
119 94 108 88 
117 95 108 88 
117 93 108 88 
117 93 108 88 
117 95 108 88 
117 95 108 88 
117 95 108 88 
116 95 108 88 
115 95 108 88 
116 95 108 88 
117 95 107 87 
117 95 107 87 
116 96 107 87 
116 96 107 87 
116 97 107 87 
114 98 107 87 
116 97 107 87 
114 96 107 87 
114 98 107 87 
114 98 107 87 
114 98 107 87 
114 98 107 87 
113 97 107 87 
114 97 107 87 
114 96 107 87 
114 96 107 87 
115 97 106 86 
116 97 107 87 
115 97 107 87 
114 97 107 87 
114 95 106 86 
119 95 105 86 
115 94 106 86 
117 94 106 86 
119 93 106 86 
115 94 105 86 
116 93 105 86 
118 94 106 86 
117 93 106 86 
116 94 106 86 
116 94 106 86 
118 95 106 86 
118 95 106 86 
121 94 106 86 
120 96 106 87 
119 97 107 87 
119 98 107 87 
121 99 107 87 
118 100 107 87 
118 100 107 87 
121 99 107 87 
123 100 107 87 
125 101 107 87 
125 101 107 87 
124 102 107 87 
122 102 107 87 
124 103 107 87 
126 103 107 87 
122 104 107 87 
127 104 107 87 
125 102 107 87 
127 102 107 87 
129 101 106 86 
129 100 106 86 
128 99 106 86 
131 99 106 86 
125 98 106 86 
130 98 106 86 
130 97 106 86 
135 95 105 86 
133 95 105 86 
134 95 105 86 
131 94 106 86 
133 94 105 86 
132 93 105 86 
135 93 105 86 
135 93 106 86 
135 92 106 86 
136 91 105 86 
140 92 105 86 
139 92 106 86 
139 93 106 86 
139 93 106 86 
141 95 106 86 
142 94 106 86 
142 95 106 86 
143 95 106 86 
143 96 106 86 
143 96 106 86 
143 97 106 86 
145 96 106 86 
145 97 105 86 
146 97 105 86 
146 97 105 86 
146 97 105 86 
148 96 105 86 
147 98 105 86 
148 99 105 86 
148 99 105 86 
149 99 105 86 
151 99 105 86 
149 100 106 86 
151 99 105 86 
153 99 105 85 
153 99 105 85 
151 98 105 85 
154 97 105 85 
152 97 105 86 
156 97 105 86 
155 96 105 85 
155 96 105 85 
154 95 105 86 
157 95 105 85 
156 95 105 85 
150 97 105 85 
158 95 104 85 
153 95 104 85 
118 97 104 85 
102 99 105 85 
99 91 105 85 
92 91 105 85 
98 92 105 85 
97 92 105 85 
93 92 105 85 
96 93 105 85 
102 93 105 85 
94 95 105 85 
97 95 104 85 
96 96 104 85 
98 96 104 85 
100 98 104 85 
100 97 104 84 
102 99 104 84 
97 99 104 84 
107 100 104 85 
105 99 104 84 
121 101 104 84 
125 103 103 84 
125 102 103 84 
125 102 103 84 
128 104 104 84 
128 104 104 84 
127 103 103 84 
128 104 103 84 
129 103 103 84 
129 104 104 84 
127 104 104 84 
133 104 104 85 
135 106 104 85 
128 105 104 84 
136 107 104 84 
129 108 104 84 
137 109 104 84 
136 110 104 84 
127 109 104 84 
142 110 104 85 
134 111 104 84 
153 102 104 84 
143 112 103 84 
144 113 103 84 
119 113 103 84 
151 111 104 84 
161 114 104 84 
153 119 103 84 
153 114 103 84 
152 119 103 84 
151 122 104 84 
147 102 103 84 
158 124 103 84 
157 126 104 84 
186 137 104 84 
196 134 104 85 
202 132 104 85 
195 134 104 85 
213 138 105 85 
217 137 105 85 
213 139 104 85 
208 135 104 85 
210 131 104 85 
215 132 104 84 
207 101 104 84 
209 94 103 84 
208 93 103 84 
209 86 104 84 
214 90 103 84 
210 92 103 84 
209 90 103 84 
209 90 103 84 
209 90 103 84 
209 90 103 84 
210 91 103 84 
211 89 103 84 
211 89 103 84 
212 90 103 84 
213 89 103 84 
215 91 103 84 
215 91 103 84 
213 92 103 84 
216 94 104 84 
216 94 104 84 
218 95 104 84 
220 94 104 85 
216 93 104 85 
219 93 104 85 
218 92 104 85 
220 90 104 85 
220 90 104 85 
221 88 104 85 
220 88 104 85 
220 88 104 85 
220 88 104 85 
223 91 104 85 
222 90 104 85 
221 92 104 85 
222 91 104 85 
224 91 104 85 
223 89 104 85 
222 90 104 85 
223 89 104 85 
223 88 105 85 
223 89 104 85 
225 89 105 85 
224 89 104 85 
225 90 104 84 
226 91 104 84 
227 91 104 84 
226 93 103 84 
225 92 103 84 
224 92 103 84 
224 92 103 84 
228 92 103 84 
229 91 103 84 
239 92 103 84 
228 93 104 84 
225 95 104 84 
227 92 104 84 
227 92 104 84 
228 92 104 84 
228 92 104 84 
227 93 104 85 
230 93 104 84 
229 93 104 85 
231 93 105 85 
233 94 105 85 
234 93 105 85 
233 93 105 85 
235 91 105 85 
234 91 105 86 
233 91 105 85 
237 92 105 86 
235 92 105 86 
236 93 105 86 
236 93 105 86 
238 94 105 86 
238 94 105 86 
238 94 105 86 
236 94 105 85 
237 95 104 85 
238 94 104 85 
238 94 104 85 
238 94 104 85 
240 92 104 85 
240 91 103 84 
239 92 103 84 
239 94 103 84 
239 93 103 84 
242 93 103 84 
243 94 103 84 
240 94 103 84 
242 93 102 83 
244 92 102 83 
244 92 102 83 
245 92 102 83 
241 91 102 83 
244 91 102 83 
244 92 102 83 
245 96 102 83 
245 100 102 83 
244 101 102 83 
247 100 102 83 
247 100 102 83 
246 97 102 83 
249 96 103 83 
248 91 103 83 
247 85 103 84 
250 83 103 83 
247 79 103 83 
249 83 103 84 
248 83 103 83 
250 86 102 83 
249 87 103 83 
250 90 103 84 
250 92 103 84 
249 92 103 84 
247 94 103 84 
247 94 103 84 
252 95 103 84 
250 94 103 83 
252 92 103 84 
251 92 103 84 
253 91 103 84 
250 90 104 85 
253 91 104 85 
255 91 104 85 
254 91 104 85 
254 91 104 85 
254 90 104 85 
252 91 104 84 
254 89 104 84 
256 92 104 85 
256 92 104 85 
254 93 104 84 
254 94 103 84 
256 96 103 84 
255 96 103 84 
257 96 104 84 
255 97 104 84 
258 100 104 84 
258 98 104 84 
255 98 104 84 
255 95 104 84 
255 92 104 85 
255 93 104 84 
256 92 104 84 
256 93 104 84 
253 96 104 84 
253 96 104 84 
253 99 104 84 
253 98 104 84 
252 97 104 84 
254 95 104 84 
255 93 104 85 
255 92 104 85 
254 91 104 85 
254 89 104 85 
251 90 105 85 
253 89 105 85 
254 88 105 85 
254 88 105 85 
253 90 105 85 
254 90 105 85 
253 89 105 85 
252 92 105 85 
251 91 105 85 
251 90 105 85 
252 92 104 85 
253 91 104 85 
252 91 105 85 
248 89 105 85 
252 90 105 85 
249 87 104 85 
244 91 105 85 
251 93 105 85 
247 92 105 85 
249 92 105 86 
247 92 106 86 
246 92 106 86 
246 92 106 86 
248 90 105 86 
244 92 105 85 
245 92 105 86 
245 92 105 86 
247 91 105 86 
244 91 105 86 
244 92 105 86 
243 91 105 86 
247 92 106 86 
242 92 106 86 
242 93 106 86 
242 93 106 86 
243 93 106 86 
241 91 106 86 
242 93 106 86 
244 94 107 87 
244 92 106 86 
241 93 106 87 
239 93 106 86 
239 93 106 86 
236 93 107 87 
238 94 106 87 
236 92 106 86 
237 93 106 86 
239 92 106 86 
234 94 106 86 
236 92 106 86 
237 93 106 86 
236 91 106 86 
236 92 107 87 
236 92 107 87 
236 91 107 87 
236 91 107 87 
236 91 107 87 
236 92 106 86 
237 91 106 86 
237 91 106 86 
233 90 106 86 
234 91 106 86 
233 92 106 86 
236 91 106 86 
235 93 106 86 
234 92 107 87 
235 91 107 87 
233 93 106 87 
234 94 106 86 
233 91 106 86 
233 92 106 86 
234 92 106 86 
234 92 106 86 
233 93 106 86 
236 93 106 86 
231 92 106 86 
234 92 106 86 
234 92 106 86 
234 91 106 86 
234 91 107 87 
234 91 107 87 
233 92 107 87 
230 91 106 87 
230 93 106 87 
230 91 106 86 
232 91 106 86 
232 93 106 87 
232 92 106 87 
230 93 106 87 
229 94 106 86 
230 93 107 87 
230 94 107 87 
229 93 107 87 
230 93 107 87 
230 94 107 87 
230 92 107 87 
228 94 107 87 
230 93 107 87 
230 93 107 87 
229 93 107 87 
229 91 107 87 
227 92 107 87 
229 90 107 87 
229 90 107 87 
227 90 107 87 
229 88 108 88 
227 89 108 88 
227 89 108 88 
229 91 108 88 
227 90 108 88 
229 90 108 88 
229 91 108 88 
229 90 108 88 
227 93 108 88 
228 91 107 87 
228 92 107 87 
227 92 107 87 
228 91 107 87 
228 91 107 87 
228 91 107 87 
228 91 107 87 
230 92 107 87 
228 92 107 87 
228 93 107 87 
228 93 107 87 
228 94 107 87 
228 94 107 87 
228 94 107 87 
229 93 107 87 
229 93 107 87 
230 93 107 87 
233 95 107 87 
231 95 107 87 
231 95 107 87 
233 94 107 87 
233 95 107 87 
231 95 107 87 
234 95 107 87 
234 95 107 87 
234 94 107 87 
235 94 106 86 
235 94 106 86 
237 94 106 86 
234 95 106 86 
233 94 106 86 
235 94 105 86 
234 93 106 86 
234 93 106 86 
235 93 106 86 
236 92 105 86 
237 94 106 86 
236 92 106 86 
237 93 106 86 
237 93 106 86 
239 91 105 86 
238 92 106 86 
239 92 106 86 
238 91 106 86 
242 90 105 86 
240 89 105 86 
242 91 105 86 
245 89 105 86 
245 91 105 86 
245 92 105 85 
246 92 105 85 
246 93 105 86 
248 92 105 86 
246 93 105 86 
246 94 105 86 
248 93 106 86 
249 93 106 86 
250 92 106 86 
252 93 106 86 
252 93 106 86 
252 91 105 86 
254 92 106 86 
253 94 106 86 
253 95 106 86 
255 95 107 87 
258 96 106 86 
258 96 106 87 
259 96 106 86 
259 96 106 86 
259 96 106 86 
261 95 106 87 
261 95 106 86 
261 95 106 86 
265 94 106 86 
264 95 106 86 
263 95 106 86 
270 96 106 86 
270 96 106 86 
268 96 106 86 
271 96 105 86 
271 96 105 86 
272 96 105 85 
276 96 105 86 
273 95 105 85 
275 94 105 86 
275 94 106 86 
278 93 106 86 
281 94 106 86 
281 94 106 86 
281 94 106 86 
283 93 106 86 
282 92 105 86 
284 92 105 86 
284 91 105 86 
283 93 105 86 
285 94 105 85 
286 94 105 85 
288 95 105 85 
288 94 105 85 
289 94 105 85 
291 95 105 85 
291 95 105 85 
293 97 105 85 
292 95 105 85 
293 96 105 85 
293 99 105 85 
298 100 105 85 
298 100 105 85 
298 100 105 85 
299 98 105 85 
302 99 105 85 
299 98 105 85 
303 98 105 85 
303 98 105 85 
303 98 105 85 
302 98 104 85 
304 97 104 85 
308 97 105 85 
305 96 105 85 
308 95 105 85 
308 97 105 85 
308 96 104 85 
308 94 104 85 
308 97 105 85 
308 96 104 85 
308 96 104 85 
308 96 104 84 
308 95 104 85 
308 96 104 84 
308 94 103 84 
308 95 103 84 
308 97 103 84 
308 97 103 84 
308 98 103 84 
308 97 103 84 
308 98 103 84 
308 99 103 84 
309 97 103 84 
