132 94 15 16 
132 94 15 16 
134 91 15 16 
137 89 15 16 
137 89 15 16 
139 90 16 17 
140 88 16 17 
141 90 15 17 
143 91 16 17 
145 89 16 17 
147 91 16 17 
150 89 16 17 
151 90 16 17 
153 92 16 17 
154 92 16 17 
156 90 17 18 
156 90 17 18 
158 89 17 18 
158 89 17 18 
160 87 17 18 
161 86 17 18 
162 84 17 18 
162 84 17 18 
163 83 17 18 
165 85 17 18 
168 83 17 18 
168 82 17 18 
168 83 17 18 
169 83 17 18 
169 83 17 18 
171 83 17 18 
172 82 17 18 
172 82 16 17 
156 108 16 17 
164 115 16 17 
156 107 16 17 
174 81 16 17 
177 82 16 17 
175 82 15 16 
175 83 15 16 
176 85 15 16 
159 119 16 17 
160 122 15 16 
160 125 16 17 
152 135 16 17 
161 122 16 17 
157 114 16 17 
157 114 16 17 
164 118 16 17 
160 123 16 17 
161 123 16 17 
141 132 16 17 
158 135 16 17 
162 124 16 18 
162 123 16 17 
162 123 16 17 
160 134 17 18 
143 136 16 17 
126 141 16 17 
126 141 16 17 
127 141 16 17 
126 142 16 17 
126 142 16 17 
127 143 16 17 
125 143 16 17 
128 144 16 17 
130 152 16 17 
128 143 16 17 
126 143 16 17 
126 143 16 17 
129 152 15 16 
129 152 15 16 
129 145 16 17 
160 136 16 17 
141 146 16 17 
124 143 16 17 
126 145 15 16 
125 143 15 16 
123 143 15 16 
123 143 15 16 
128 153 14 15 
124 144 14 15 
105 120 14 15 
107 117 14 15 
108 128 14 15 
106 119 14 15 
106 119 14 15 
106 119 14 15 
107 119 14 15 
107 119 14 15 
108 118 14 15 
93 127 14 15 
94 126 14 15 
78 123 14 15 
76 119 14 15 
94 117 14 15 
99 114 14 15 
105 111 14 15 
110 105 14 15 
109 119 14 15 
109 119 14 15 
109 119 14 15 
110 118 14 15 
110 118 14 15 
110 118 14 15 
110 118 14 15 
110 118 14 15 
111 119 15 16 
111 119 15 16 
111 119 14 15 
110 119 14 15 
111 119 14 15 
112 118 14 15 
112 118 14 15 
112 118 14 15 
112 117 13 14 
113 118 14 15 
103 122 14 14 
103 122 14 14 
112 118 14 15 
112 118 14 15 
110 118 14 15 
110 118 14 15 
109 118 14 15 
110 119 14 15 
110 118 14 15 
109 118 14 15 
109 118 14 15 
109 118 14 15 
110 117 14 15 
110 117 14 15 
110 117 14 15 
110 117 14 15 
110 117 14 15 
111 116 14 15 
111 116 14 15 
111 116 14 15 
110 116 13 14 
111 117 13 14 
101 120 13 14 
101 120 13 14 
101 119 13 14 
103 119 13 14 
101 120 13 14 
101 120 13 14 
100 118 13 14 
101 119 13 14 
100 121 13 14 
77 132 13 14 
83 131 12 13 
91 129 12 13 
96 128 13 14 
75 116 12 13 
65 114 12 13 
61 108 13 13 
62 107 13 14 
61 108 13 14 
61 109 13 14 
60 109 13 14 
30 121 13 14 
60 108 13 14 
62 106 13 14 
62 106 13 14 
60 107 13 14 
61 108 13 14 
63 107 14 14 
67 109 13 14 
68 107 13 14 
63 110 14 15 
31 131 14 15 
9 134 14 15 
7 127 14 15 
7 120 14 15 
7 109 14 15 
26 98 14 15 
26 111 14 15 
26 112 14 15 
20 104 14 15 
27 111 14 15 
27 111 14 15 
27 111 14 15 
26 111 14 15 
27 111 14 15 
24 110 14 15 
24 111 15 16 
24 111 15 15 
25 112 14 15 
24 110 14 15 
24 111 14 15 
24 111 14 15 
18 130 15 16 
15 121 14 15 
13 131 14 15 
14 128 14 15 
27 109 14 15 
27 109 14 15 
26 110 14 15 
26 110 14 15 
27 109 15 15 
27 109 15 15 
27 110 15 16 
34 154 15 16 
35 154 15 16 
35 154 15 16 
44 151 15 16 
41 156 15 16 
41 152 15 16 
34 155 15 16 
50 161 15 16 
58 180 15 16 
45 200 15 16 
49 211 14 15 
58 210 14 15 
60 213 14 15 
70 204 15 16 
66 198 14 15 
80 179 14 15 
87 173 14 15 
87 173 14 15 
70 172 14 15 
71 176 14 15 
81 160 14 15 
79 156 14 15 
83 160 14 15 
75 167 14 15 
78 166 14 15 
82 160 14 15 
76 166 14 15 
88 172 13 14 
76 173 13 14 
75 173 13 14 
82 176 13 14 
88 172 13 14 
88 172 13 14 
107 180 13 14 
95 186 13 14 
92 189 13 14 
86 191 13 14 
83 193 13 14 
75 192 13 14 
81 197 13 14 
76 202 13 14 
88 195 13 14 
89 197 13 14 
83 196 13 14 
86 196 14 14 
88 195 14 15 
92 189 14 15 
93 184 14 15 
93 184 14 15 
93 182 14 15 
73 188 13 14 
69 186 14 15 
63 191 14 15 
59 192 14 15 
55 171 15 15 
52 169 14 15 
58 177 14 15 
59 166 15 16 
55 163 15 16 
51 150 15 17 
49 151 16 17 
44 157 16 17 
44 152 16 17 
37 151 16 17 
30 150 16 17 
22 150 16 17 
16 152 16 17 
14 150 16 17 
9 151 15 16 
20 148 15 16 
16 148 15 16 
8 160 15 16 
8 133 15 16 
7 136 15 16 
7 135 14 15 
7 139 15 16 
13 142 16 17 
17 143 15 16 
20 143 16 17 
8 131 16 17 
8 105 15 17 
8 104 16 17 
8 105 16 17 
8 106 16 17 
8 102 16 17 
9 127 16 17 
33 129 15 17 
34 132 16 17 
38 139 15 16 
34 162 16 17 
34 162 16 17 
32 159 16 17 
29 158 16 17 
32 136 16 17 
26 120 16 17 
24 109 15 16 
