115 88 62 70 
118 88 62 70 
119 88 62 70 
121 89 62 70 
122 90 61 69 
122 90 61 69 
122 90 61 69 
122 90 61 69 
119 90 61 69 
119 88 61 68 
118 89 61 69 
117 90 61 69 
115 88 61 69 
114 89 62 69 
112 89 62 70 
112 90 61 69 
109 91 61 69 
108 92 61 69 
106 92 62 69 
103 93 62 70 
103 94 62 69 
103 95 61 69 
102 94 61 69 
104 95 62 70 
105 94 61 69 
104 94 62 70 
106 94 62 70 
105 93 62 70 
108 92 63 71 
110 91 62 70 
110 90 63 71 
111 90 63 71 
113 90 63 71 
115 90 63 71 
117 90 63 71 
116 90 63 71 
119 89 62 71 
119 89 62 71 
119 89 62 71 
121 89 63 71 
122 89 63 71 
123 89 62 71 
123 89 63 71 
125 90 62 70 
125 90 62 70 
126 90 63 71 
126 90 63 71 
124 92 63 71 
125 92 62 71 
125 92 62 71 
126 92 62 70 
125 92 63 71 
124 92 63 71 
124 92 63 71 
124 92 63 71 
124 92 63 71 
124 91 63 71 
124 91 62 70 
124 90 62 70 
122 91 62 70 
120 91 62 70 
121 90 62 70 
121 90 62 70 
121 90 62 70 
119 90 62 69 
119 90 62 69 
117 90 62 70 
118 90 62 69 
116 90 62 70 
116 90 62 70 
115 90 62 70 
114 90 62 70 
114 91 61 69 
114 91 61 69 
114 91 61 69 
113 91 61 69 
112 91 61 69 
111 90 61 69 
111 89 61 69 
111 89 61 69 
111 89 61 69 
111 89 61 69 
111 89 61 69 
111 89 61 69 
110 90 61 69 
110 89 61 69 
109 90 61 69 
110 89 61 69 
109 90 60 68 
109 90 60 68 
109 90 60 68 
109 90 60 68 
109 89 61 69 
107 90 61 68 
109 90 60 68 
109 90 60 68 
109 90 60 68 
109 90 60 68 
109 90 61 69 
109 89 61 69 
107 90 61 69 
109 91 61 69 
110 90 61 69 
110 90 61 69 
110 90 61 69 
109 91 61 69 
109 91 61 69 
110 90 62 70 
110 91 62 69 
110 91 62 69 
112 91 61 69 
111 90 61 69 
111 90 61 69 
111 90 61 69 
111 90 61 69 
113 90 61 69 
114 91 60 68 
114 91 60 68 
114 91 60 68 
114 90 61 69 
114 90 61 69 
115 90 61 69 
115 90 61 69 
116 91 61 69 
116 89 61 69 
116 91 61 69 
117 89 61 69 
118 89 62 70 
117 89 62 70 
118 90 62 70 
116 90 62 70 
116 91 62 70 
114 91 62 70 
113 92 62 70 
112 92 62 70 
113 92 62 70 
112 92 62 70 
112 92 62 70 
111 93 62 70 
111 92 62 70 
111 92 62 70 
110 93 62 70 
109 92 61 69 
110 91 61 69 
112 91 62 70 
113 90 62 70 
113 89 62 70 
115 89 62 70 
115 89 62 70 
117 89 62 69 
117 89 62 69 
118 89 61 69 
118 90 61 69 
117 88 62 70 
117 88 62 70 
117 89 62 70 
117 89 62 70 
117 89 62 70 
115 88 62 70 
115 88 62 70 
115 89 62 70 
114 88 62 70 
114 88 62 70 
112 88 62 70 
112 88 62 70 
112 88 62 70 
111 87 62 70 
109 89 62 70 
108 88 62 70 
108 88 62 70 
107 87 61 69 
107 88 61 69 
106 88 62 70 
106 88 62 70 
106 88 62 70 
106 87 61 69 
107 87 62 69 
107 88 61 69 
107 88 61 69 
108 88 61 69 
109 87 61 69 
110 86 62 70 
110 87 62 70 
111 87 62 70 
112 88 62 70 
114 87 62 70 
115 88 62 70 
117 87 62 70 
118 87 63 71 
120 88 62 71 
123 88 62 71 
124 89 62 70 
124 89 62 70 
125 88 62 70 
125 88 62 70 
126 88 63 71 
125 88 62 70 
126 89 63 71 
126 88 63 71 
125 88 63 71 
125 88 63 71 
123 89 63 71 
122 88 63 71 
122 88 63 71 
121 87 63 71 
118 87 63 71 
118 87 63 71 
116 87 63 71 
115 86 64 72 
112 87 64 72 
112 87 64 72 
109 87 64 72 
109 87 64 72 
109 88 64 73 
107 87 64 72 
107 87 64 72 
106 86 64 73 
105 86 64 72 
107 86 64 72 
107 85 64 73 
108 86 64 72 
107 85 64 72 
109 83 64 72 
109 83 64 72 
110 83 64 72 
112 82 64 72 
112 82 64 72 
116 81 64 72 
118 81 64 72 
121 81 64 72 
122 82 64 72 
127 80 64 73 
130 81 64 72 
134 82 64 72 
139 83 64 72 
144 83 63 72 
151 83 64 72 
156 82 64 72 
162 84 63 71 
167 82 64 72 
172 82 64 72 
179 82 64 72 
186 82 63 71 
190 80 63 71 
193 80 63 71 
199 80 63 71 
202 80 63 71 
206 79 63 71 
210 79 63 71 
213 79 63 71 
216 79 63 72 
218 80 63 72 
219 80 64 72 
222 79 64 72 
223 79 64 73 
224 80 64 73 
224 80 64 73 
224 80 64 73 
223 81 64 73 
222 80 64 73 
222 81 64 72 
221 80 64 72 
220 81 64 72 
219 81 64 73 
217 81 64 73 
213 81 65 73 
211 81 65 73 
210 81 65 73 
206 82 65 74 
202 82 65 74 
198 82 66 74 
196 82 66 74 
191 82 66 74 
188 82 66 74 
183 82 65 74 
179 83 66 74 
174 84 66 74 
167 83 66 74 
163 83 66 74 
159 83 66 74 
153 83 66 74 
149 84 66 74 
144 84 65 74 
140 84 65 74 
136 85 65 74 
133 85 65 73 
129 85 65 73 
127 85 64 72 
125 86 64 73 
123 86 65 73 
121 85 65 74 
119 86 65 74 
117 86 65 74 
116 85 65 74 
114 86 65 73 
113 85 65 73 
114 85 65 73 
114 85 65 73 
113 86 65 73 
113 86 65 73 
113 85 65 73 
113 85 65 73 
113 85 65 73 
117 85 64 73 
117 85 64 73 
119 85 64 73 
121 85 64 72 
123 86 64 72 
125 86 63 72 
127 86 63 71 
130 85 63 72 
133 85 63 71 
138 86 63 71 
142 86 63 71 
146 87 63 71 
150 86 63 71 
154 87 63 71 
159 88 63 71 
164 88 63 71 
168 87 63 71 
172 87 63 71 
177 88 63 71 
183 88 64 72 
187 88 64 72 
192 89 64 72 
194 89 64 72 
200 89 64 72 
201 89 64 72 
207 89 64 72 
209 90 64 72 
215 90 64 72 
217 90 64 72 
222 90 64 72 
224 90 64 72 
226 90 64 72 
227 90 64 72 
231 90 64 72 
232 90 64 72 
232 90 64 72 
233 90 64 72 
234 89 63 72 
235 90 63 71 
235 90 63 71 
235 90 63 71 
236 89 62 70 
236 89 62 70 
234 89 62 70 
234 89 62 70 
233 90 62 70 
231 90 62 70 
230 89 62 70 
228 88 62 70 
228 88 62 70 
225 88 62 70 
223 87 62 70 
223 88 62 70 
219 87 62 70 
217 88 62 70 
215 86 62 70 
212 87 62 70 
209 87 62 70 
208 86 62 70 
204 86 62 70 
202 85 62 70 
199 86 62 70 
196 86 63 71 
193 85 63 71 
190 85 62 71 
188 84 62 70 
186 84 62 70 
183 84 62 71 
181 84 63 71 
178 83 63 71 
175 84 63 71 
174 84 63 71 
173 84 63 71 
170 84 63 71 
169 84 63 71 
166 83 63 71 
166 83 63 71 
164 83 63 71 
164 84 63 72 
163 84 64 72 
161 83 64 72 
161 84 63 71 
160 84 64 72 
160 83 63 71 
161 84 64 72 
161 84 64 72 
161 84 64 72 
162 85 64 72 
162 84 64 72 
163 84 63 71 
164 83 63 72 
166 84 63 71 
167 83 63 71 
169 83 63 71 
172 82 63 72 
174 83 63 72 
179 82 63 71 
180 82 63 71 
185 82 63 71 
188 80 63 71 
191 80 63 71 
195 79 63 71 
200 80 63 71 
203 80 63 71 
208 79 63 71 
211 78 63 71 
215 79 63 71 
219 78 63 71 
223 77 63 71 
226 78 63 72 
230 78 64 72 
233 77 63 72 
237 78 64 72 
239 77 63 71 
243 78 64 72 
245 77 64 72 
248 79 63 72 
250 78 64 72 
251 77 64 72 
253 78 64 72 
256 79 64 72 
257 78 64 72 
258 79 64 72 
258 79 64 72 
259 78 64 72 
259 78 64 72 
259 78 64 72 
259 78 64 72 
258 78 64 72 
257 77 64 72 
254 78 64 72 
254 78 64 72 
253 77 64 72 
251 77 64 73 
247 77 64 73 
246 76 65 73 
240 77 65 73 
239 76 65 73 
234 76 65 74 
232 75 65 74 
228 76 65 73 
224 74 65 73 
218 74 65 73 
215 73 65 74 
212 74 65 73 
205 74 65 74 
202 74 66 74 
199 73 65 74 
194 75 66 74 
190 73 66 74 
189 74 65 74 
182 74 66 74 
180 75 66 74 
176 73 66 74 
175 74 65 74 
172 75 65 73 
170 74 65 73 
168 75 64 73 
167 75 64 72 
165 75 64 72 
164 76 64 72 
164 76 64 72 
164 76 64 72 
162 76 64 72 
162 77 64 72 
162 77 64 72 
163 77 64 72 
164 77 64 72 
164 78 64 72 
165 79 64 73 
168 78 64 73 
170 80 64 72 
170 79 64 72 
173 80 64 72 
175 81 64 72 
175 81 64 72 
178 82 64 72 
179 83 64 72 
181 83 64 72 
183 85 64 73 
182 85 64 72 
182 86 64 72 
184 87 64 72 
185 87 64 72 
185 87 64 72 
185 87 64 72 
185 87 64 72 
185 87 64 72 
185 87 64 72 
185 87 64 72 
185 87 64 72 
183 87 64 72 
182 86 64 72 
182 87 64 72 
180 87 63 72 
179 87 63 72 
178 87 64 72 
175 87 64 72 
175 88 64 72 
171 88 64 72 
169 88 64 72 
168 88 64 72 
165 89 64 72 
161 89 63 71 
160 89 63 71 
155 89 63 71 
154 90 63 71 
151 90 63 71 
147 90 63 71 
142 92 62 70 
140 92 63 71 
138 93 62 70 
135 94 62 71 
132 93 62 70 
130 93 62 70 
126 94 62 70 
125 95 62 70 
124 95 62 70 
120 95 62 70 
119 95 62 70 
119 94 62 70 
119 94 62 70 
116 94 62 70 
115 94 62 70 
115 94 62 70 
115 93 62 70 
115 93 62 70 
116 94 62 70 
116 94 62 70 
115 94 61 69 
115 94 61 69 
116 94 62 70 
116 94 62 70 
116 92 62 70 
117 93 62 70 
118 93 62 70 
120 92 62 70 
122 94 62 70 
122 92 62 70 
124 92 61 69 
126 93 61 69 
127 92 61 69 
130 91 61 69 
131 92 61 69 
133 92 61 68 
135 92 61 68 
137 90 60 68 
140 93 61 69 
143 92 60 68 
145 91 60 68 
148 91 60 68 
150 93 60 68 
152 92 60 68 
155 91 60 68 
156 93 60 68 
159 92 60 68 
162 92 60 68 
164 92 61 69 
166 92 61 69 
169 94 61 69 
171 94 61 69 
174 93 61 69 
174 93 61 69 
177 93 61 69 
178 93 61 68 
179 93 61 68 
179 93 61 68 
182 94 60 68 
181 94 60 68 
183 94 60 68 
183 94 60 68 
184 94 60 68 
184 94 61 69 
184 94 61 69 
184 94 61 69 
183 95 61 69 
181 93 61 69 
182 93 61 69 
182 93 61 69 
181 93 61 69 
179 91 61 69 
178 91 61 69 
178 91 61 69 
175 90 61 69 
174 90 62 70 
172 89 62 70 
173 88 62 70 
171 88 62 70 
169 89 62 70 
167 89 63 71 
166 88 63 71 
165 88 63 71 
164 88 63 71 
162 87 63 71 
162 88 63 71 
162 88 63 71 
160 87 63 72 
158 87 64 72 
158 87 64 72 
157 87 63 72 
157 87 63 72 
157 87 64 72 
158 87 64 72 
158 87 64 72 
158 87 64 73 
158 87 64 73 
159 87 64 73 
161 87 65 73 
163 87 65 74 
163 87 65 74 
164 88 65 74 
165 88 65 73 
168 88 65 73 
170 87 65 74 
172 87 65 74 
174 87 65 74 
176 85 66 74 
179 86 66 75 
182 84 66 74 
185 85 66 74 
188 85 66 74 
191 84 66 74 
194 84 66 75 
197 83 66 75 
201 82 66 74 
205 82 66 75 
208 83 66 75 
211 82 66 74 
215 82 66 74 
218 82 66 75 
221 82 66 75 
223 81 66 75 
225 82 66 75 
229 82 66 75 
231 82 66 75 
235 82 67 75 
235 82 66 75 
238 83 67 75 
240 83 67 76 
240 83 68 76 
245 83 68 76 
245 83 67 76 
245 82 68 76 
247 82 67 76 
247 82 67 76 
247 83 67 76 
247 83 67 76 
247 83 67 76 
246 83 67 76 
246 83 67 76 
248 82 68 77 
246 82 68 77 
245 82 68 77 
244 82 68 77 
244 81 69 77 
243 82 69 78 
241 81 69 78 
238 80 69 77 
237 81 69 78 
234 80 69 78 
233 79 68 77 
231 79 68 77 
228 79 68 77 
224 79 68 77 
221 77 68 77 
217 77 68 77 
215 77 68 77 
210 77 68 77 
207 77 68 77 
202 75 68 77 
199 75 68 77 
196 76 68 77 
191 74 68 77 
186 75 68 77 
185 74 69 77 
181 74 68 77 
177 73 68 77 
175 74 69 77 
171 74 68 77 
169 75 68 77 
165 75 68 77 
162 75 69 78 
160 75 70 79 
157 76 70 79 
156 75 70 79 
153 75 70 79 
151 75 70 79 
150 75 70 79 
149 76 70 78 
147 76 69 78 
144 74 69 78 
144 74 69 78 
144 75 69 78 
144 75 69 78 
144 75 69 78 
144 76 69 78 
144 76 69 78 
144 76 69 78 
143 75 69 78 
145 75 69 78 
145 75 69 78 
147 76 69 77 
147 74 68 77 
147 74 68 77 
149 74 68 77 
151 75 68 77 
152 76 68 77 
152 74 68 77 
153 76 68 77 
155 76 68 77 
157 75 68 77 
159 76 68 77 
159 77 68 77 
159 77 68 77 
161 78 68 77 
161 79 68 76 
161 79 68 76 
164 80 68 77 
164 80 68 77 
165 80 68 77 
165 80 68 77 
165 81 68 77 
165 81 68 77 
165 82 68 77 
164 81 68 77 
164 81 68 77 
164 81 68 77 
162 80 68 77 
160 82 68 77 
160 80 68 76 
157 80 68 76 
155 81 68 76 
152 81 68 76 
149 81 68 76 
146 83 68 76 
143 82 67 76 
139 83 68 76 
135 83 67 76 
131 84 67 76 
127 83 67 75 
123 85 66 75 
118 85 66 74 
114 84 66 75 
110 86 66 75 
106 86 66 74 
102 85 66 74 
98 85 66 74 
95 86 65 74 
92 86 65 74 
88 87 66 74 
86 88 65 74 
85 86 65 74 
84 87 65 74 
83 88 65 74 
82 87 66 74 
80 88 66 74 
80 88 66 74 
80 87 65 74 
80 87 65 74 
80 88 66 74 
80 88 66 74 
82 87 65 74 
83 86 65 73 
84 87 65 73 
84 87 65 73 
88 87 65 74 
89 89 65 74 
91 88 65 74 
94 87 65 73 
96 88 65 74 
99 89 65 74 
101 89 65 74 
105 89 65 73 
108 90 65 73 
111 91 65 74 
114 90 65 74 
118 90 65 74 
122 91 65 73 
125 90 65 73 
129 92 65 73 
132 91 65 73 
135 92 65 73 
138 92 65 74 
140 93 64 73 
142 94 64 73 
145 94 64 72 
146 94 64 73 
149 95 65 73 
150 96 65 73 
152 96 65 73 
152 96 65 73 
153 96 65 73 
154 96 65 73 
155 97 65 73 
155 97 65 73 
155 97 65 73 
155 97 65 73 
155 97 65 73 
155 98 65 73 
154 98 65 73 
154 99 65 73 
154 99 65 73 
154 99 65 73 
153 98 64 73 
153 99 64 73 
152 100 64 73 
151 100 64 72 
151 100 64 72 
151 101 64 72 
151 101 64 72 
151 101 64 72 
152 101 64 73 
152 101 64 72 
152 102 64 72 
154 101 64 72 
154 100 64 72 
154 101 64 73 
154 101 64 72 
157 101 64 73 
159 101 64 72 
161 101 64 72 
162 101 64 73 
166 101 65 73 
167 101 64 73 
170 100 64 73 
172 99 64 72 
177 100 64 72 
179 99 64 72 
183 99 64 72 
187 99 64 72 
191 99 64 72 
196 99 64 72 
199 99 64 72 
202 99 64 72 
207 99 64 72 
210 99 64 72 
214 99 64 72 
216 99 64 72 
220 99 64 72 
222 99 64 72 
225 98 64 72 
227 98 64 73 
230 98 64 73 
231 97 64 72 
232 97 64 72 
235 98 64 72 
235 98 64 72 
237 98 64 72 
237 98 64 72 
237 98 64 72 
237 98 64 72 
237 98 64 72 
238 98 64 72 
238 99 64 72 
237 98 64 72 
237 99 65 73 
235 98 65 73 
234 98 65 73 
234 97 65 73 
232 97 65 74 
230 96 65 73 
227 95 65 73 
227 95 65 73 
223 95 65 73 
222 94 65 73 
219 93 65 74 
215 94 66 74 
212 91 66 74 
209 91 65 74 
207 91 65 74 
204 89 65 74 
201 89 65 73 
199 90 66 74 
196 88 66 74 
193 89 65 74 
191 88 66 74 
188 87 66 74 
187 89 66 74 
184 87 66 74 
184 87 66 75 
182 88 66 75 
181 88 66 75 
181 88 66 75 
179 89 66 75 
179 88 66 75 
179 88 66 75 
179 88 66 75 
176 88 66 75 
177 88 66 74 
178 88 66 74 
178 88 66 74 
178 88 66 74 
179 89 66 75 
180 88 67 75 
181 88 67 76 
181 88 67 76 
182 87 67 76 
184 86 67 75 
184 86 67 75 
186 85 67 75 
186 85 67 75 
189 84 67 75 
190 84 67 75 
192 82 67 75 
193 82 67 75 
196 80 67 75 
200 80 67 75 
200 80 67 75 
203 80 66 75 
206 79 67 75 
206 79 67 75 
207 78 67 75 
211 78 67 76 
212 77 67 76 
212 77 67 76 
215 77 67 76 
215 76 68 77 
217 77 68 77 
219 75 68 77 
219 75 68 77 
219 75 68 77 
220 74 68 77 
220 74 68 77 
220 75 68 77 
219 75 68 77 
218 74 69 78 
219 73 69 78 
218 73 69 78 
215 73 69 78 
212 74 69 78 
212 75 69 78 
209 74 70 79 
204 73 69 78 
201 73 69 78 
198 72 70 79 
195 71 70 79 
192 72 70 79 
186 71 70 79 
182 71 70 79 
179 70 71 80 
176 71 71 80 
173 71 71 80 
168 71 71 80 
166 70 71 80 
163 71 70 79 
162 71 70 79 
159 70 70 79 
156 71 70 79 
154 72 70 80 
152 71 71 80 
152 71 71 80 
152 72 71 80 
149 72 71 80 
149 73 72 81 
150 74 72 81 
150 74 72 81 
151 76 72 81 
150 77 72 81 
152 78 72 82 
153 80 72 81 
154 80 72 81 
154 81 72 82 
154 83 72 82 
156 85 72 81 
155 84 72 81 
157 83 71 81 
157 83 71 81 
157 83 71 81 
157 83 71 81 
157 83 71 81 
157 83 71 81 
155 82 71 81 
155 82 71 81 
152 82 72 81 
152 82 72 81 
149 82 72 81 
149 82 71 81 
148 83 71 81 
146 83 71 80 
144 85 71 80 
140 84 71 81 
138 84 71 80 
136 85 71 80 
133 86 71 80 
132 87 71 80 
129 86 71 80 
126 87 71 80 
123 88 71 80 
122 88 71 80 
117 88 71 80 
115 89 71 80 
112 89 70 79 
111 90 71 80 
109 92 71 80 
108 91 71 80 
107 92 70 79 
105 92 70 79 
104 91 70 79 
102 91 70 79 
102 91 70 79 
102 91 70 79 
102 91 70 79 
102 91 70 79 
101 91 70 79 
101 91 70 79 
101 91 70 79 
102 91 70 79 
102 91 70 79 
104 91 70 79 
106 90 70 79 
107 91 69 78 
110 91 69 78 
112 91 69 78 
113 90 69 78 
117 90 69 78 
120 91 69 78 
125 91 69 78 
127 91 69 78 
130 91 69 78 
135 91 69 78 
139 92 69 78 
144 92 69 78 
147 91 70 79 
151 91 70 79 
158 92 70 78 
160 92 70 78 
164 92 70 79 
167 92 70 79 
172 93 70 79 
175 92 70 79 
178 93 70 79 
179 94 70 79 
182 94 70 79 
184 94 70 79 
188 92 70 79 
191 93 70 79 
193 92 70 79 
194 94 70 79 
197 94 70 79 
200 94 70 79 
200 94 70 79 
201 95 70 80 
203 94 71 80 
204 93 70 79 
205 95 70 79 
206 93 70 80 
208 95 70 79 
208 95 70 79 
208 95 70 79 
209 95 70 79 
210 96 70 79 
210 96 70 79 
211 96 71 80 
211 96 71 80 
211 96 71 80 
212 96 71 81 
211 96 71 80 
210 95 71 81 
210 95 71 81 
210 95 72 81 
208 95 72 81 
208 95 72 81 
207 95 72 81 
205 92 71 81 
204 93 71 80 
202 90 71 80 
202 90 71 80 
200 89 71 80 
198 89 71 80 
196 88 71 80 
194 89 71 81 
194 89 72 81 
194 88 71 81 
192 87 71 81 
190 88 71 80 
190 87 71 80 
190 87 71 80 
187 88 72 81 
188 87 72 81 
188 87 72 81 
187 86 72 81 
186 86 72 81 
188 87 71 80 
188 87 71 80 
188 87 71 80 
188 87 71 80 
188 87 71 80 
188 87 71 80 
189 86 71 80 
190 85 71 80 
192 86 71 80 
195 86 71 81 
195 85 72 81 
196 85 71 80 
198 84 71 80 
202 84 71 80 
202 83 71 80 
205 82 71 80 
207 81 70 79 
210 80 70 80 
213 81 70 79 
215 79 71 80 
218 79 71 80 
222 78 71 80 
223 77 71 80 
226 76 71 80 
228 76 71 81 
231 76 72 81 
234 75 72 81 
237 75 72 81 
238 74 71 81 
240 73 72 81 
240 75 72 82 
243 75 72 82 
245 73 73 82 
246 74 73 82 
245 72 73 83 
247 74 73 83 
247 74 73 83 
248 74 73 82 
245 74 73 82 
245 74 73 82 
241 73 73 83 
242 76 73 82 
238 74 73 82 
236 76 73 83 
232 76 73 83 
232 75 73 82 
228 75 73 82 
226 75 73 83 
223 77 73 82 
221 78 73 82 
216 77 73 82 
213 77 73 82 
209 76 73 83 
205 77 73 82 
202 75 73 82 
198 77 73 82 
196 76 73 82 
189 76 73 83 
184 75 74 83 
181 75 74 84 
178 74 75 84 
174 76 75 84 
171 76 74 84 
165 76 75 84 
162 78 74 84 
158 78 74 84 
151 78 74 84 
150 81 74 83 
146 83 74 83 
143 82 73 83 
139 85 73 82 
137 86 73 82 
133 86 73 82 
129 86 72 82 
130 86 73 82 
128 88 72 82 
126 86 72 81 
126 88 72 81 
124 88 72 81 
125 88 72 81 
123 89 72 81 
124 88 72 81 
123 88 72 82 
122 90 72 81 
124 90 72 81 
126 91 72 81 
127 90 72 81 
129 91 72 81 
132 93 72 81 
132 93 72 81 
133 92 72 82 
135 93 72 81 
135 96 72 81 
137 96 72 81 
137 96 72 81 
138 94 72 81 
139 96 72 81 
139 96 72 81 
138 94 72 81 
138 92 72 81 
138 92 71 80 
139 93 72 81 
137 94 71 81 
139 95 71 80 
136 91 71 81 
134 95 71 80 
134 95 71 80 
132 94 71 80 
129 95 71 80 
128 95 71 80 
125 94 70 80 
122 94 71 80 
119 95 71 80 
115 95 71 80 
112 97 70 79 
109 96 70 79 
106 97 70 79 
102 97 70 79 
100 97 71 80 
96 97 71 80 
95 98 70 80 
92 98 70 80 
89 98 70 80 
86 98 70 79 
86 98 70 79 
85 97 70 79 
83 99 70 79 
82 99 70 79 
82 98 70 79 
83 98 71 80 
81 98 71 80 
83 98 71 80 
83 97 71 81 
84 97 71 80 
85 98 71 80 
87 97 70 80 
89 96 71 80 
91 96 71 80 
93 98 71 80 
96 97 71 81 
99 100 72 81 
103 96 71 81 
105 97 72 81 
111 97 72 81 
114 99 72 81 
119 96 71 80 
123 99 71 80 
129 98 71 80 
133 98 71 80 
139 96 71 80 
143 99 71 80 
147 98 70 80 
151 97 70 79 
155 97 71 80 
158 100 71 80 
161 98 71 80 
165 98 71 80 
166 98 71 80 
168 97 71 80 
170 98 71 80 
171 97 71 80 
172 97 71 80 
172 98 71 80 
173 97 71 80 
173 97 71 80 
174 98 70 79 
175 97 71 80 
174 98 71 80 
173 97 71 80 
170 97 71 80 
169 96 71 80 
168 96 71 80 
166 97 71 80 
163 95 70 79 
159 95 69 78 
157 95 69 78 
153 95 69 78 
149 92 69 78 
146 95 70 79 
143 92 70 79 
137 92 70 78 
134 91 70 79 
130 93 69 78 
124 89 69 78 
119 90 70 79 
116 90 70 79 
113 89 70 79 
107 88 70 79 
104 89 70 79 
101 90 70 79 
97 89 70 79 
93 87 70 79 
91 88 70 79 
87 88 70 78 
86 88 69 78 
85 85 69 78 
82 87 70 79 
81 86 70 78 
80 85 70 79 
80 88 69 78 
80 88 69 78 
80 88 69 78 
80 86 69 78 
80 90 70 79 
81 85 70 79 
81 87 69 78 
83 90 70 78 
84 85 70 79 
84 90 70 79 
87 91 70 79 
89 84 70 79 
91 86 70 79 
93 85 70 78 
95 83 70 79 
98 83 70 79 
101 82 70 79 
102 81 70 79 
104 82 70 79 
109 80 69 78 
113 80 70 79 
116 80 70 79 
119 80 69 78 
122 80 69 78 
125 79 69 78 
129 78 69 78 
132 81 69 78 
134 82 69 78 
139 78 69 78 
141 83 69 78 
142 83 69 78 
145 82 69 78 
148 83 69 78 
149 83 69 78 
151 82 69 78 
152 81 69 78 
156 84 69 78 
157 83 69 78 
158 82 69 78 
159 82 69 78 
161 82 69 78 
160 81 68 77 
162 81 68 77 
162 81 68 77 
161 81 68 77 
161 80 68 77 
161 80 68 77 
159 79 68 77 
159 79 68 77 
160 77 68 76 
158 77 68 77 
159 77 68 77 
159 78 68 77 
159 79 69 78 
159 78 69 78 
157 78 70 79 
156 77 69 78 
159 78 69 78 
157 78 70 79 
157 77 70 79 
157 77 70 79 
157 77 70 79 
159 77 70 79 
159 77 71 80 
160 77 71 80 
162 78 71 80 
164 77 71 81 
165 77 72 81 
165 76 72 81 
168 75 72 81 
172 75 72 81 
173 75 72 81 
174 75 72 81 
179 76 72 81 
182 76 71 81 
184 75 72 81 
189 76 72 81 
191 76 72 82 
193 76 72 82 
196 77 73 82 
200 76 72 82 
200 76 72 82 
207 76 73 82 
207 76 72 82 
207 76 72 82 
209 78 72 81 
210 78 72 82 
213 78 72 81 
214 78 72 81 
214 78 71 81 
213 78 71 80 
214 78 70 80 
214 78 70 80 
215 78 70 79 
214 78 70 79 
214 78 70 79 
212 78 70 79 
213 80 69 78 
211 79 69 78 
212 81 69 78 
214 82 70 78 
212 82 69 78 
213 82 69 78 
212 84 69 78 
213 85 69 78 
215 86 69 78 
215 86 69 78 
215 88 69 78 
213 89 69 78 
214 90 69 78 
215 90 69 78 
215 91 69 78 
215 89 69 78 
216 89 69 78 
218 89 68 77 
220 90 68 77 
221 90 68 77 
223 90 68 77 
224 90 68 76 
225 91 68 77 
227 91 68 77 
230 93 68 76 
232 94 68 76 
233 94 67 76 
236 95 67 76 
239 94 67 76 
240 95 67 76 
241 95 67 76 
242 96 67 75 
244 96 67 76 
244 96 67 76 
244 98 67 76 
245 99 67 76 
243 98 68 76 
243 98 68 76 
243 98 68 76 
241 98 67 76 
238 98 67 75 
238 99 67 76 
233 99 67 76 
232 100 66 75 
228 100 66 75 
223 100 67 75 
220 99 67 75 
216 100 67 75 
211 98 67 75 
204 100 67 75 
199 99 67 75 
195 100 66 75 
189 100 66 75 
184 99 66 75 
179 99 66 74 
174 96 66 74 
170 96 65 74 
164 96 65 74 
161 96 65 74 
156 95 65 74 
154 96 65 73 
154 95 65 74 
149 95 65 74 
146 95 65 73 
143 94 65 74 
139 94 65 74 
138 94 65 73 
134 95 65 74 
130 94 65 73 
129 95 65 73 
125 94 64 73 
125 94 65 73 
123 93 65 73 
120 92 65 74 
119 91 65 74 
117 90 65 74 
116 89 65 74 
114 88 65 74 
111 88 65 74 
109 88 66 74 
106 87 66 75 
105 88 66 74 
102 87 65 74 
101 86 66 74 
97 85 66 74 
96 83 66 74 
94 84 66 74 
90 82 66 74 
90 82 66 74 
86 81 66 74 
82 82 66 74 
81 82 67 75 
81 81 67 76 
77 81 67 76 
77 81 67 76 
73 81 67 75 
71 83 67 76 
67 84 67 76 
64 85 67 76 
62 86 67 76 
59 89 67 75 
55 91 66 75 
52 91 67 76 
52 92 67 76 
48 93 67 75 
47 94 67 76 
46 95 67 75 
42 95 67 75 
40 96 67 75 
