161 119 64 78 
154 117 64 78 
146 114 64 78 
139 109 64 78 
132 103 63 77 
127 99 63 77 
129 98 64 78 
127 99 64 78 
127 106 63 77 
126 114 64 78 
122 117 64 78 
120 120 64 77 
114 122 64 77 
108 121 64 78 
102 121 64 78 
97 115 64 78 
98 111 64 78 
98 105 64 78 
101 106 64 78 
105 106 64 78 
111 110 64 78 
112 115 64 77 
113 117 64 77 
116 118 63 77 
122 121 63 77 
125 121 64 77 
130 120 63 77 
134 112 63 77 
139 106 64 78 
147 99 64 78 
157 95 64 78 
163 96 64 79 
169 100 65 79 
171 104 65 79 
174 105 65 80 
175 106 65 79 
178 109 65 80 
179 108 65 80 
176 107 65 80 
177 106 66 80 
180 103 66 80 
177 99 66 80 
179 101 66 80 
177 102 66 81 
177 102 66 81 
176 105 66 80 
176 106 67 81 
176 106 67 81 
176 106 67 81 
178 104 66 81 
181 99 67 81 
185 95 66 81 
189 92 67 81 
193 93 67 81 
195 98 67 81 
195 106 67 81 
193 110 67 82 
194 114 68 82 
191 115 68 82 
187 112 68 83 
186 106 68 83 
191 100 68 83 
196 95 68 83 
201 98 68 83 
199 100 68 83 
200 102 68 83 
195 104 68 83 
188 105 68 82 
182 106 67 82 
174 105 67 81 
165 101 67 81 
162 95 66 81 
160 91 66 80 
164 89 66 80 
164 92 66 80 
165 93 66 80 
163 96 66 80 
166 98 65 80 
164 99 65 80 
160 98 65 79 
157 102 65 79 
155 100 65 79 
158 96 65 79 
163 93 65 79 
167 89 65 79 
177 97 65 79 
179 99 64 79 
186 100 64 78 
194 97 64 78 
200 95 64 78 
200 94 64 78 
204 92 64 78 
206 91 64 77 
204 87 63 77 
205 84 64 77 
207 81 64 78 
206 80 63 77 
206 82 63 77 
208 89 63 77 
204 95 63 77 
201 101 63 77 
197 103 63 77 
191 102 63 77 
188 98 64 78 
184 94 64 78 
189 88 64 78 
190 87 64 78 
192 90 64 77 
191 94 64 77 
193 96 63 77 
192 98 63 77 
194 100 63 77 
193 104 63 77 
194 106 63 77 
195 106 63 77 
196 101 63 77 
196 97 63 77 
198 98 63 77 
200 101 63 76 
199 105 62 76 
197 108 63 76 
193 111 63 76 
189 111 62 76 
187 110 62 76 
185 108 62 76 
181 105 62 75 
179 104 62 76 
173 102 62 76 
172 101 62 76 
172 96 62 76 
171 90 62 75 
169 89 62 76 
168 92 62 76 
167 96 62 76 
168 98 62 75 
163 100 62 75 
161 104 62 75 
162 103 62 76 
157 103 63 76 
159 102 63 77 
167 103 63 76 
172 104 63 76 
179 104 63 77 
186 103 63 77 
190 102 63 77 
192 103 63 77 
191 105 63 77 
191 104 63 77 
196 103 63 76 
193 101 63 76 
193 101 63 76 
186 98 63 76 
181 96 62 76 
186 94 62 76 
179 93 62 76 
178 97 62 75 
182 105 62 76 
188 104 62 76 
182 101 62 75 
183 100 62 75 
180 105 62 75 
184 102 62 76 
206 104 62 75 
206 100 62 75 
197 113 61 75 
194 103 61 74 
191 105 61 74 
188 100 60 73 
172 116 60 73 
182 104 60 73 
175 102 60 73 
167 105 60 73 
170 98 60 73 
161 100 60 73 
156 105 60 73 
160 106 60 73 
160 104 60 73 
154 105 60 73 
164 101 59 72 
166 97 60 73 
167 99 60 73 
168 99 60 73 
168 99 60 73 
168 100 59 72 
166 100 59 72 
165 96 59 72 
166 97 59 72 
165 98 59 72 
166 96 59 72 
167 95 59 72 
168 95 60 73 
170 92 60 73 
170 91 59 72 
171 90 59 72 
165 87 59 72 
165 87 59 72 
164 88 59 72 
159 88 59 72 
159 91 59 72 
155 91 59 72 
157 92 59 72 
158 89 60 73 
166 89 60 73 
171 84 60 73 
173 80 60 73 
179 82 60 73 
183 84 60 73 
184 87 60 73 
188 87 60 74 
190 86 60 74 
189 82 60 74 
192 78 60 73 
193 77 60 73 
201 77 60 73 
197 79 60 73 
196 85 60 73 
193 90 60 73 
185 95 60 73 
176 97 60 73 
172 96 59 72 
164 95 60 73 
162 96 60 73 
160 93 60 73 
160 89 59 72 
162 89 60 73 
165 91 59 72 
168 92 59 72 
173 95 59 72 
175 99 59 72 
177 102 59 72 
180 104 59 72 
184 106 59 72 
186 103 59 72 
188 99 59 72 
191 95 59 72 
192 93 59 72 
193 93 59 72 
194 96 60 73 
194 96 60 73 
194 95 60 73 
192 92 60 73 
192 89 60 73 
191 83 60 73 
190 78 60 73 
185 71 60 73 
184 75 60 73 
179 79 60 73 
173 82 60 73 
170 80 60 73 
170 81 60 73 
169 81 60 73 
167 82 60 73 
165 84 59 72 
165 83 59 72 
165 81 59 72 
169 82 59 72 
169 83 58 71 
170 89 59 72 
171 95 59 72 
171 98 59 72 
172 101 59 72 
168 100 59 72 
170 95 59 72 
173 86 59 72 
177 79 59 72 
180 82 59 72 
180 86 59 72 
180 90 59 72 
178 93 59 72 
178 98 59 72 
177 98 59 72 
177 98 59 72 
176 95 59 71 
178 97 59 71 
180 97 59 72 
173 95 59 72 
169 95 59 72 
166 98 59 72 
162 96 60 73 
156 95 60 73 
150 95 60 73 
146 94 60 73 
142 94 59 72 
146 91 59 72 
147 92 59 72 
149 84 59 72 
154 84 59 72 
156 91 59 72 
159 97 59 72 
163 102 59 72 
168 103 60 73 
176 100 60 73 
180 96 60 73 
184 91 59 72 
188 88 60 73 
189 86 59 72 
193 84 60 73 
193 84 59 72 
193 86 59 72 
192 88 59 72 
191 89 59 72 
183 91 59 72 
182 92 59 71 
182 92 59 72 
178 92 59 71 
179 88 58 71 
179 89 58 71 
177 87 59 72 
176 88 59 72 
176 88 59 72 
177 90 59 72 
180 91 59 72 
180 92 60 73 
180 92 60 73 
181 93 60 73 
183 94 60 73 
182 96 59 72 
179 101 59 72 
177 107 60 73 
178 109 60 73 
178 113 59 72 
174 115 59 72 
171 114 59 72 
173 111 59 72 
175 109 59 72 
172 106 59 72 
173 103 59 72 
175 103 59 72 
179 101 60 73 
182 103 60 73 
187 102 60 73 
187 105 60 73 
189 106 60 73 
191 102 60 73 
192 98 60 73 
191 96 60 73 
187 93 60 73 
184 92 60 73 
180 93 60 73 
175 95 60 73 
169 99 59 72 
164 101 59 72 
161 102 59 72 
157 105 59 72 
153 104 59 72 
151 105 59 72 
149 102 59 72 
149 97 60 73 
152 95 60 73 
155 98 60 73 
157 100 59 72 
161 106 59 72 
167 112 59 72 
171 116 59 72 
177 115 59 72 
179 113 59 72 
187 109 59 72 
193 107 59 72 
197 108 59 72 
199 110 59 72 
203 114 59 72 
201 117 59 72 
200 119 59 72 
196 118 59 72 
191 114 59 72 
189 114 59 72 
187 115 59 72 
184 115 59 72 
183 114 59 72 
183 114 59 72 
182 114 59 72 
180 117 59 72 
177 116 59 72 
176 116 59 72 
174 113 59 72 
174 116 59 72 
173 114 58 71 
174 113 58 71 
175 111 58 71 
176 111 58 71 
179 110 58 71 
184 110 58 71 
190 113 59 71 
192 119 59 72 
194 121 59 72 
197 121 58 71 
197 120 59 71 
200 120 58 71 
202 117 59 71 
200 115 58 71 
202 114 59 71 
200 114 59 72 
201 113 59 71 
200 106 58 71 
204 105 58 71 
205 103 58 71 
207 108 58 71 
209 115 58 71 
213 116 58 71 
212 116 58 70 
209 113 57 70 
207 113 57 70 
205 113 57 70 
202 111 58 70 
198 110 57 70 
193 110 57 70 
195 110 57 69 
195 112 57 70 
198 110 57 70 
197 110 57 70 
192 106 58 71 
187 101 58 71 
188 99 59 71 
187 96 59 71 
185 97 59 71 
191 96 59 72 
194 99 59 72 
199 102 59 71 
201 102 58 71 
203 105 58 71 
203 106 58 70 
209 104 58 71 
207 104 58 71 
202 103 59 71 
200 102 58 71 
204 100 58 70 
202 99 58 70 
198 101 58 70 
198 106 58 70 
194 108 58 71 
193 112 58 71 
189 109 59 72 
184 106 59 72 
180 105 59 72 
177 105 59 72 
174 102 58 71 
174 102 58 71 
169 101 58 71 
169 101 58 71 
169 104 59 71 
171 107 59 72 
175 105 59 72 
178 105 59 72 
182 106 59 72 
187 105 59 72 
191 102 59 72 
194 101 59 72 
197 101 59 72 
196 102 59 72 
201 104 60 73 
200 108 60 73 
199 110 59 72 
196 114 59 72 
195 115 59 72 
193 116 59 72 
191 118 59 72 
186 113 59 72 
185 108 59 71 
181 107 58 71 
179 106 58 71 
172 112 59 72 
170 114 58 71 
171 111 59 71 
170 111 59 72 
167 111 58 71 
165 111 58 71 
162 110 58 71 
161 109 58 71 
160 109 58 71 
157 108 58 71 
154 107 58 71 
