251 70 12 13 
251 70 13 14 
251 70 13 14 
251 71 13 14 
251 71 13 14 
251 71 13 14 
252 72 13 14 
252 72 13 14 
252 72 13 14 
252 72 13 14 
252 72 13 14 
252 71 13 14 
252 70 13 14 
252 70 14 15 
252 70 13 15 
252 70 13 15 
252 70 13 15 
252 72 14 15 
253 72 13 15 
252 70 14 15 
252 70 14 15 
252 70 14 15 
252 70 14 15 
250 71 14 15 
250 71 14 15 
250 71 14 15 
250 72 14 15 
248 71 14 15 
248 71 14 15 
247 71 14 15 
247 72 14 16 
246 71 14 15 
243 73 14 16 
243 72 14 16 
241 72 14 16 
240 72 14 15 
240 73 15 16 
237 73 15 16 
237 73 15 16 
234 73 15 16 
232 73 15 16 
231 74 14 16 
229 73 14 16 
226 73 15 16 
225 71 14 16 
223 71 14 15 
222 70 14 15 
220 70 14 15 
219 69 14 15 
216 70 14 15 
214 69 14 15 
212 68 14 15 
212 68 14 15 
210 69 13 14 
207 70 13 14 
205 70 13 14 
205 70 13 14 
201 70 12 14 
200 72 13 14 
199 72 13 14 
196 71 13 14 
194 71 13 14 
194 70 13 14 
191 69 13 14 
189 69 13 15 
188 70 14 15 
186 70 14 15 
185 70 14 15 
183 70 14 15 
180 68 14 15 
180 70 14 15 
178 69 14 15 
176 71 14 15 
174 70 14 16 
172 70 14 15 
170 70 14 15 
168 69 13 15 
166 71 13 14 
165 71 14 15 
163 71 14 15 
161 70 14 15 
161 70 14 15 
159 69 14 16 
157 68 14 15 
157 68 14 15 
157 68 14 15 
156 68 14 15 
157 69 14 15 
156 68 14 15 
156 68 13 15 
155 69 13 14 
156 70 14 15 
156 70 14 15 
156 70 14 15 
157 70 14 15 
157 70 14 15 
157 71 14 15 
159 70 14 15 
158 70 14 15 
158 71 14 15 
159 70 14 15 
159 70 14 15 
159 70 14 15 
160 70 14 15 
158 70 14 15 
159 70 14 15 
160 69 13 15 
160 69 13 15 
160 69 13 15 
160 70 14 15 
160 70 14 15 
160 71 14 16 
160 71 14 16 
161 72 14 16 
161 73 14 15 
160 72 14 15 
161 74 14 15 
161 74 14 15 
161 74 14 15 
162 73 13 15 
162 73 13 15 
162 73 13 15 
162 74 13 15 
162 74 14 15 
162 73 14 15 
161 73 13 14 
162 72 13 14 
162 73 13 14 
162 72 13 14 
160 70 13 14 
160 70 13 14 
159 70 12 13 
159 70 12 13 
156 69 12 13 
156 70 13 14 
156 69 12 13 
155 69 12 13 
153 69 12 13 
152 69 12 13 
152 69 12 13 
152 69 12 13 
153 71 12 13 
152 69 12 13 
153 69 12 13 
153 69 12 13 
153 67 12 13 
151 65 12 13 
151 66 12 13 
150 66 12 13 
150 66 11 12 
148 66 11 12 
147 65 11 12 
145 65 11 12 
145 66 12 13 
144 66 12 13 
144 66 12 13 
140 67 12 13 
139 67 12 13 
135 67 11 12 
135 67 11 12 
134 67 11 12 
131 67 11 12 
131 67 11 12 
130 67 11 12 
126 66 11 12 
126 66 11 12 
126 65 11 12 
124 65 12 13 
122 63 11 12 
120 63 12 13 
119 63 12 13 
116 63 13 14 
115 62 13 14 
115 62 13 14 
115 62 13 14 
111 62 13 14 
110 63 13 14 
111 63 14 15 
111 63 14 15 
110 63 14 15 
109 64 14 15 
109 64 14 15 
108 63 15 16 
108 63 15 16 
109 63 15 17 
108 63 15 16 
108 63 15 16 
107 63 15 16 
106 63 15 16 
106 62 14 16 
103 62 14 15 
103 62 14 15 
102 63 14 15 
101 63 14 15 
100 63 14 15 
98 63 14 15 
96 64 14 15 
96 64 14 15 
93 65 14 15 
93 65 14 15 
90 66 15 16 
90 66 15 16 
89 65 14 16 
85 65 14 15 
87 64 14 15 
86 64 14 15 
87 63 14 15 
87 63 14 15 
85 62 14 15 
85 62 14 15 
86 62 14 15 
87 61 14 15 
88 63 14 15 
88 63 14 15 
91 62 14 15 
91 62 14 15 
91 62 14 15 
93 61 14 15 
93 61 14 15 
96 61 14 15 
97 60 14 15 
98 60 14 15 
98 60 14 15 
101 60 14 15 
99 59 14 15 
99 61 14 15 
101 60 14 15 
99 60 14 15 
103 60 14 15 
105 61 14 15 
104 61 14 15 
105 62 14 15 
105 62 14 15 
101 62 14 15 
102 63 14 15 
105 62 14 15 
105 62 14 15 
105 61 14 15 
108 61 13 15 
108 61 14 15 
108 60 14 15 
104 60 14 15 
109 58 14 15 
109 59 14 15 
110 58 14 15 
108 57 15 16 
105 56 15 16 
111 56 15 16 
111 55 14 15 
112 56 14 15 
114 57 14 16 
114 57 14 16 
116 58 14 15 
120 58 14 15 
120 58 14 15 
122 59 14 16 
124 61 14 15 
130 61 14 15 
132 62 14 15 
136 62 14 15 
139 62 14 15 
142 63 14 15 
145 62 14 16 
148 60 14 16 
152 59 14 16 
153 59 15 16 
152 58 15 16 
156 57 15 16 
156 56 15 16 
160 56 15 16 
160 54 15 16 
160 54 15 16 
166 54 15 16 
166 52 15 16 
168 53 15 16 
169 55 15 17 
174 55 16 17 
177 57 15 17 
181 57 15 16 
185 57 15 16 
187 59 15 16 
192 58 14 16 
196 60 15 16 
198 64 15 16 
202 64 14 15 
208 63 14 16 
212 63 14 16 
217 63 15 16 
221 63 15 16 
225 64 14 16 
228 63 14 15 
231 63 14 15 
235 62 14 15 
239 62 14 15 
240 63 14 15 
244 61 14 15 
245 61 14 15 
250 61 13 14 
252 62 14 15 
254 62 14 15 
258 61 13 15 
261 64 14 15 
264 63 14 15 
267 64 14 16 
269 66 14 16 
272 67 14 16 
273 67 14 15 
276 67 14 15 
280 66 14 15 
283 66 13 14 
284 65 13 14 
287 65 13 14 
289 65 13 14 
290 64 13 14 
294 64 13 14 
296 64 12 13 
298 64 13 14 
300 64 13 14 
302 64 13 14 
304 66 12 14 
306 65 12 13 
308 66 12 13 
309 65 12 13 
312 64 13 14 
314 64 12 13 
315 63 13 14 
314 62 13 14 
313 61 13 14 
315 61 13 14 
317 59 13 14 
320 58 13 14 
317 57 13 15 
320 55 13 14 
310 55 14 15 
321 54 14 15 
324 52 14 15 
323 52 13 15 
323 52 13 15 
325 54 13 14 
325 56 13 15 
327 57 14 15 
330 58 14 15 
320 59 13 14 
327 58 13 15 
337 59 14 15 
342 59 13 15 
342 58 13 14 
341 55 13 15 
344 55 14 15 
346 54 14 15 
345 52 14 15 
345 52 13 15 
347 51 14 15 
332 50 14 15 
329 44 14 15 
329 44 14 15 
352 56 13 14 
353 56 14 15 
351 56 14 15 
348 57 14 16 
347 57 14 15 
344 57 14 15 
340 59 14 15 
337 61 14 15 
336 60 14 15 
333 62 14 15 
328 60 14 15 
326 60 14 15 
325 59 14 15 
322 57 14 15 
320 57 14 15 
318 57 14 15 
315 56 14 15 
313 57 14 15 
308 57 14 15 
306 58 14 15 
301 59 14 15 
304 61 14 15 
298 59 14 15 
292 59 14 16 
290 59 14 15 
288 59 14 15 
284 58 14 15 
288 60 14 15 
280 58 14 15 
278 57 14 15 
274 57 14 15 
273 59 14 16 
271 59 15 16 
268 59 15 16 
266 60 15 16 
263 61 15 17 
263 62 16 17 
261 62 16 17 
259 62 16 17 
259 62 16 17 
260 61 16 17 
261 62 16 17 
259 59 16 17 
261 59 16 17 
260 57 16 18 
261 56 16 18 
262 56 16 18 
265 55 16 18 
265 52 16 18 
267 51 17 18 
271 50 16 18 
270 49 16 17 
271 50 16 17 
270 51 16 17 
269 51 16 17 
266 52 16 17 
264 52 16 17 
262 54 15 17 
256 53 15 17 
252 56 15 16 
247 58 15 16 
241 59 15 17 
234 61 15 16 
224 62 15 17 
215 64 15 16 
203 65 15 16 
195 66 15 16 
183 67 15 16 
172 68 15 16 
158 67 15 16 
151 65 14 16 
141 65 15 16 
132 62 14 16 
122 62 14 16 
115 60 14 15 
109 59 14 15 
105 57 14 15 
100 57 14 15 
92 50 14 15 
90 57 14 15 
87 51 14 15 
86 52 14 15 
84 55 14 15 
82 56 13 15 
81 54 14 15 
81 53 14 15 
81 53 14 15 
80 53 14 15 
80 50 14 15 
80 50 14 15 
80 50 14 15 
78 49 14 15 
77 48 14 15 
76 51 13 14 
74 48 13 14 
74 48 13 14 
71 48 14 15 
70 47 14 15 
68 50 14 15 
63 51 14 15 
59 52 13 15 
54 51 14 15 
50 51 14 15 
32 28 14 15 
21 27 14 15 
19 25 13 14 
22 49 13 15 
18 44 13 15 
9 44 13 14 
7 48 13 15 
6 50 13 14 
8 11 13 14 
6 8 12 13 
6 6 12 13 
6 6 11 12 
5 6 11 12 
5 7 10 11 
5 6 11 12 
