70 250 61 103 
71 251 61 103 
71 250 61 103 
69 250 61 103 
69 248 61 103 
69 248 60 102 
68 247 61 102 
68 247 60 102 
68 245 60 102 
68 244 60 102 
66 242 60 102 
67 239 60 102 
66 235 60 102 
68 232 60 102 
66 228 60 102 
67 223 60 102 
67 217 60 101 
68 209 60 101 
69 202 60 101 
69 195 60 101 
72 189 61 102 
74 182 61 102 
76 175 61 102 
80 169 61 103 
85 164 61 103 
88 159 61 103 
94 153 61 103 
100 148 61 103 
107 144 61 103 
115 139 61 103 
122 133 61 103 
131 129 61 104 
139 124 62 104 
149 118 61 104 
158 116 62 104 
167 114 62 104 
177 110 62 105 
187 107 62 105 
195 105 61 104 
206 103 61 104 
214 100 61 103 
224 99 62 104 
232 97 61 103 
242 95 61 103 
249 96 61 103 
256 98 61 103 
265 97 61 103 
273 98 61 103 
277 100 61 102 
284 102 61 102 
290 103 61 103 
292 105 61 103 
296 108 61 102 
301 111 61 102 
304 114 61 102 
309 117 60 102 
312 119 60 102 
316 122 60 101 
318 125 60 101 
321 130 60 101 
327 134 60 101 
329 140 60 101 
335 145 60 101 
340 148 59 100 
344 153 60 101 
349 158 60 102 
354 162 61 102 
358 168 61 102 
363 174 60 102 
369 179 60 102 
374 185 61 102 
376 192 60 102 
383 197 60 101 
384 205 60 102 
387 211 60 101 
391 219 60 102 
394 224 60 102 
397 230 61 102 
398 237 60 101 
397 243 60 101 
397 248 60 101 
396 252 59 100 
397 256 59 100 
397 259 59 100 
397 260 59 99 
396 261 59 99 
396 261 58 98 
396 261 58 98 
393 260 57 97 
393 258 57 96 
393 256 57 96 
395 254 57 97 
394 251 58 98 
397 247 58 97 
398 245 58 98 
399 241 58 98 
402 236 58 98 
400 233 58 98 
402 228 58 97 
402 223 58 97 
402 219 57 97 
402 212 58 97 
404 206 57 97 
403 201 57 97 
401 196 58 97 
401 191 57 97 
398 187 58 97 
392 184 57 97 
388 180 57 97 
382 178 57 97 
378 175 57 97 
375 175 57 97 
366 175 57 97 
359 174 57 97 
352 174 57 96 
348 172 57 96 
337 173 57 96 
331 173 57 96 
325 172 57 97 
316 174 57 97 
310 175 57 97 
303 175 57 96 
296 176 57 96 
291 177 57 96 
287 178 58 97 
280 181 58 97 
275 184 58 98 
272 185 58 98 
268 188 58 98 
266 191 58 98 
263 194 59 99 
261 196 58 98 
263 199 58 98 
261 202 58 98 
262 206 58 98 
260 209 57 97 
265 213 58 97 
265 216 58 97 
270 219 58 98 
274 222 57 97 
278 221 57 97 
282 222 57 96 
288 220 57 96 
291 218 57 96 
298 217 57 96 
304 216 57 96 
308 216 57 95 
314 216 57 96 
322 217 57 96 
326 217 57 95 
330 217 57 96 
333 218 57 96 
338 218 57 96 
343 220 57 96 
347 221 57 96 
349 223 57 97 
352 224 57 97 
353 226 57 96 
355 229 57 96 
355 229 57 96 
359 231 57 96 
359 234 57 96 
361 231 57 96 
363 231 57 96 
366 230 57 96 
368 229 57 95 
371 229 57 96 
372 228 57 96 
376 227 57 96 
378 225 56 95 
382 224 56 95 
385 223 56 95 
392 222 56 95 
396 222 56 95 
399 220 56 94 
403 221 56 95 
405 220 57 96 
412 219 57 96 
415 219 57 96 
420 218 57 96 
424 216 57 96 
426 216 57 96 
429 215 57 97 
436 212 57 96 
439 209 57 96 
442 208 57 96 
446 207 58 97 
450 205 58 97 
452 201 58 98 
455 198 57 97 
460 196 57 97 
463 195 58 98 
466 195 58 98 
467 192 58 97 
470 192 58 97 
474 192 57 97 
473 193 57 97 
477 193 58 97 
479 195 58 97 
480 197 58 97 
483 199 57 97 
485 199 57 96 
486 199 56 95 
489 198 57 96 
490 197 57 96 
491 192 57 96 
491 189 57 96 
491 184 57 96 
490 177 56 95 
490 173 57 96 
490 168 56 95 
486 162 56 95 
482 156 56 95 
479 149 56 95 
475 141 57 96 
469 133 57 96 
461 129 56 95 
453 125 56 95 
442 120 56 94 
431 116 56 94 
416 110 56 94 
403 104 56 94 
386 100 56 95 
371 97 56 95 
353 93 56 95 
334 91 56 95 
318 89 57 96 
303 86 56 95 
286 81 57 96 
272 79 57 95 
250 79 57 96 
234 77 57 97 
213 74 57 96 
200 71 57 96 
188 70 57 96 
175 67 56 95 
166 67 56 95 
148 66 57 96 
139 67 57 96 
128 70 57 96 
116 72 56 95 
106 73 57 95 
98 79 57 96 
92 84 57 97 
87 89 58 98 
82 96 58 98 
76 101 57 97 
72 108 57 96 
66 115 57 97 
63 122 57 96 
61 129 57 96 
59 137 57 96 
53 144 57 96 
48 149 57 96 
48 157 57 96 
48 163 57 96 
47 169 56 95 
45 175 56 94 
43 180 56 94 
41 184 55 93 
40 187 55 93 
41 190 55 93 
40 193 55 93 
40 197 55 93 
42 201 55 93 
43 205 55 93 
46 208 55 93 
47 212 55 93 
47 215 55 93 
49 220 55 93 
50 224 55 93 
52 228 55 94 
53 233 55 94 
56 237 55 93 
58 240 55 93 
61 245 55 92 
63 249 54 92 
66 253 54 92 
67 256 55 92 
70 259 55 92 
71 262 55 93 
74 265 55 94 
75 269 56 94 
77 269 56 94 
77 272 55 93 
78 275 55 93 
81 277 55 93 
80 279 55 93 
83 281 55 93 
84 283 55 92 
86 284 54 92 
84 285 54 91 
86 285 54 91 
85 285 53 90 
85 285 53 90 
85 287 54 90 
89 288 53 90 
89 288 54 91 
90 289 53 90 
90 289 53 90 
90 291 53 90 
89 292 54 90 
91 292 53 90 
92 295 54 91 
93 296 53 90 
93 296 53 90 
92 298 53 90 
94 300 53 90 
94 299 53 90 
93 303 53 90 
94 304 53 89 
95 306 53 89 
95 306 53 90 
93 309 53 90 
92 313 53 90 
93 315 53 89 
92 314 53 89 
93 315 52 88 
94 317 52 88 
93 317 52 88 
93 317 52 88 
93 317 52 88 
93 317 52 88 
94 317 52 88 
95 320 52 88 
96 321 52 87 
97 321 52 88 
94 322 52 88 
97 323 52 88 
100 324 52 87 
99 325 52 87 
101 327 51 86 
102 326 51 87 
101 326 51 87 
103 323 51 86 
103 323 51 86 
105 325 52 87 
110 328 51 87 
112 331 52 87 
109 325 52 87 
103 325 52 87 
102 322 52 87 
105 325 52 87 
102 324 51 87 
102 325 52 87 
102 323 52 87 
102 322 52 88 
102 324 52 88 
110 325 52 87 
102 323 52 87 
103 324 51 87 
100 325 51 87 
100 325 51 87 
110 325 51 86 
102 327 51 87 
110 323 51 86 
103 324 51 86 
102 327 51 86 
101 325 50 85 
102 325 51 86 
101 325 51 86 
101 324 51 86 
101 325 51 86 
99 324 51 87 
99 324 51 87 
99 324 52 87 
102 322 52 88 
102 322 52 88 
101 322 52 87 
101 325 51 87 
99 323 51 87 
87 302 51 87 
88 296 52 87 
88 289 51 87 
90 283 52 87 
85 275 52 88 
84 266 52 88 
85 257 52 88 
86 248 52 88 
85 239 53 89 
85 229 52 88 
84 223 53 89 
85 215 53 89 
86 208 53 89 
89 202 52 88 
91 196 53 89 
94 190 53 89 
98 184 53 89 
100 180 53 90 
108 176 54 91 
114 170 54 91 
122 167 53 90 
131 162 54 91 
140 158 54 91 
150 154 55 92 
160 152 55 93 
170 152 55 92 
183 151 54 92 
191 153 54 92 
202 154 55 92 
216 156 54 91 
226 157 54 91 
238 158 54 91 
253 159 54 91 
267 160 53 90 
275 164 54 90 
289 166 54 91 
299 169 54 91 
306 175 54 91 
319 178 54 91 
323 183 54 92 
330 188 54 92 
336 194 55 92 
339 202 55 92 
340 208 55 93 
341 213 55 93 
340 218 55 92 
341 222 54 92 
337 226 55 92 
335 228 55 92 
331 231 55 92 
328 232 54 92 
324 233 55 92 
320 236 55 92 
317 236 54 92 
314 237 54 92 
310 238 54 92 
304 239 54 91 
302 239 54 91 
301 240 54 91 
300 241 53 90 
297 243 53 90 
295 245 53 90 
292 247 54 90 
292 249 53 90 
290 252 53 90 
290 254 53 89 
289 255 53 89 
286 256 53 89 
286 257 53 90 
286 260 53 89 
286 261 52 89 
285 262 52 89 
284 264 52 88 
283 266 52 88 
282 267 52 87 
281 269 52 87 
280 270 51 86 
279 272 51 86 
277 272 51 86 
276 273 51 86 
275 272 50 85 
275 272 50 85 
273 271 50 85 
272 267 51 85 
270 265 51 85 
271 257 50 85 
271 250 50 85 
270 241 51 86 
270 232 51 86 
270 222 51 86 
269 212 51 86 
271 204 51 86 
271 193 51 87 
274 184 51 87 
275 177 51 86 
278 172 51 87 
280 167 51 87 
284 163 52 87 
287 160 52 88 
291 159 52 89 
296 158 52 88 
301 157 53 89 
306 156 52 89 
311 157 52 89 
317 158 53 89 
320 160 53 90 
326 162 54 90 
328 169 54 90 
331 174 54 91 
332 179 54 91 
333 187 54 91 
331 191 54 91 
327 200 54 91 
323 211 54 91 
318 222 54 90 
309 236 54 91 
300 250 54 91 
292 261 54 91 
282 273 54 91 
274 283 54 91 
263 289 54 91 
256 295 54 91 
250 300 53 90 
244 301 53 90 
238 300 53 90 
234 294 53 90 
229 287 54 90 
227 277 53 90 
228 268 53 90 
228 258 53 90 
232 248 53 90 
231 239 53 90 
234 230 54 91 
239 222 54 91 
241 219 54 91 
244 212 54 91 
255 206 54 91 
264 203 54 91 
273 201 54 91 
283 201 54 91 
292 201 54 92 
302 201 55 92 
314 204 55 92 
327 206 55 92 
339 211 54 92 
353 216 55 92 
365 222 55 92 
377 228 55 92 
389 232 54 92 
402 235 54 92 
414 234 54 92 
426 234 54 92 
437 233 54 92 
449 231 54 92 
461 230 54 91 
467 229 54 91 
474 227 54 91 
475 222 54 91 
478 217 54 91 
476 213 54 91 
472 207 54 91 
465 203 54 91 
456 199 54 91 
446 196 54 91 
433 193 54 92 
417 189 54 91 
399 187 54 91 
375 184 54 92 
358 183 54 91 
333 180 53 90 
303 179 53 90 
282 180 54 91 
251 182 54 91 
223 192 53 90 
192 198 54 90 
157 191 53 90 
130 195 53 90 
105 196 53 89 
74 192 53 90 
48 191 53 90 
29 186 53 89 
26 184 53 89 
26 177 53 89 
26 175 53 89 
26 165 53 89 
26 159 52 88 
26 147 52 88 
26 137 52 88 
33 126 52 87 
46 117 51 87 
63 109 52 87 
81 101 51 86 
98 94 51 87 
112 86 51 87 
128 83 51 87 
143 77 52 87 
159 75 52 88 
175 73 52 88 
190 71 52 88 
205 72 52 88 
221 72 52 87 
237 73 51 87 
252 74 52 87 
265 76 51 87 
276 79 52 87 
289 83 51 87 
300 87 51 86 
309 93 51 86 
315 102 51 86 
322 108 51 86 
326 116 51 86 
330 127 51 86 
332 138 51 86 
333 149 51 86 
335 160 51 86 
333 170 50 85 
331 179 50 85 
330 187 50 85 
330 196 50 84 
326 203 50 84 
325 212 50 84 
325 219 50 85 
324 227 50 85 
324 234 50 85 
323 241 50 84 
323 247 50 84 
324 254 51 86 
325 258 51 85 
327 260 51 86 
328 261 51 86 
330 263 51 86 
335 261 51 86 
336 259 51 86 
339 255 51 86 
342 252 51 86 
345 248 51 87 
348 246 52 87 
350 243 51 87 
352 240 52 87 
353 239 52 87 
353 239 52 87 
354 238 52 87 
356 240 51 87 
354 243 51 87 
353 246 52 88 
352 248 52 87 
349 251 52 87 
346 253 51 87 
338 256 51 87 
331 258 51 86 
323 259 51 86 
314 260 52 87 
304 263 52 88 
295 264 52 88 
285 267 52 87 
273 268 52 88 
260 268 52 88 
249 270 52 88 
237 272 52 88 
225 276 52 88 
215 279 52 87 
206 280 52 87 
198 281 52 88 
196 281 52 87 
189 281 52 88 
183 285 52 87 
180 290 52 88 
180 296 52 88 
180 302 52 88 
180 308 52 88 
180 313 52 87 
183 318 51 87 
185 323 52 87 
188 327 52 88 
192 330 52 87 
195 332 51 87 
196 333 52 87 
202 334 52 87 
204 335 52 88 
208 335 52 88 
210 333 52 88 
215 333 52 88 
216 330 52 88 
221 329 52 87 
228 329 52 87 
229 329 52 87 
235 329 52 87 
242 327 52 88 
246 325 52 88 
254 324 52 87 
263 323 51 87 
270 321 52 88 
281 320 52 88 
290 317 52 88 
302 317 52 88 
319 317 52 87 
330 317 52 88 
341 317 52 87 
359 320 52 87 
371 321 52 87 
385 320 52 88 
400 320 52 87 
414 319 52 88 
427 315 52 88 
441 312 52 88 
451 308 52 87 
466 304 52 87 
476 301 52 88 
489 297 52 88 
497 294 52 88 
506 292 52 88 
513 288 52 88 
516 283 52 88 
522 277 52 88 
524 270 52 88 
523 261 52 89 
521 253 52 88 
518 242 52 89 
514 227 52 89 
501 213 52 88 
495 197 53 89 
480 179 53 89 
462 164 53 89 
445 147 52 89 
425 131 52 88 
403 115 52 88 
383 101 52 88 
360 89 52 87 
333 84 51 87 
305 79 52 87 
284 80 52 87 
267 77 52 87 
245 80 51 87 
224 87 51 87 
206 98 51 87 
189 107 51 87 
175 121 51 86 
169 140 51 87 
164 160 52 87 
161 176 52 87 
162 190 52 87 
161 202 52 87 
168 214 51 87 
173 225 51 87 
179 236 51 86 
188 243 51 87 
197 250 51 87 
210 255 51 86 
220 260 50 85 
230 264 50 85 
239 270 51 85 
251 273 51 85 
265 276 51 87 
278 275 51 87 
290 276 52 87 
302 274 51 87 
314 274 52 87 
325 272 52 88 
336 271 52 87 
345 271 51 87 
359 270 51 87 
368 266 51 87 
372 264 51 86 
381 261 51 86 
386 258 51 86 
389 254 51 86 
391 251 51 86 
390 247 52 87 
388 244 52 88 
385 242 52 89 
380 239 53 89 
375 239 53 89 
368 237 52 88 
361 235 52 88 
354 235 52 88 
346 233 52 88 
337 230 52 88 
330 228 52 88 
325 223 51 87 
319 219 52 87 
311 214 52 88 
307 209 52 88 
300 203 53 89 
295 197 52 88 
288 192 52 88 
282 187 52 88 
275 182 52 88 
271 176 52 87 
263 172 52 87 
257 168 52 88 
250 164 52 88 
243 160 53 89 
236 156 52 88 
226 153 52 88 
218 150 52 88 
208 146 53 89 
198 142 53 89 
188 141 53 90 
176 142 53 90 
166 143 53 90 
153 147 54 91 
143 155 54 91 
133 162 53 90 
122 167 53 90 
109 171 53 90 
99 175 53 90 
90 177 53 90 
80 179 53 90 
71 181 53 90 
63 185 53 90 
56 189 53 90 
49 193 54 90 
46 197 53 90 
42 202 53 90 
38 210 53 90 
37 215 53 90 
39 223 53 90 
41 232 53 89 
43 238 53 89 
48 244 53 90 
50 252 53 90 
55 256 53 89 
59 262 53 89 
62 265 53 89 
65 266 53 89 
70 270 53 89 
74 273 53 89 
75 272 53 89 
79 274 53 89 
81 274 53 89 
83 273 53 89 
83 273 53 89 
85 272 53 89 
86 273 53 89 
86 273 53 89 
87 275 52 89 
87 276 52 89 
86 278 53 89 
84 280 53 89 
83 282 53 89 
82 284 53 89 
80 285 53 89 
77 289 53 90 
74 289 53 89 
75 288 53 89 
72 287 53 89 
71 285 52 88 
66 286 53 89 
66 284 53 89 
64 284 53 90 
62 284 53 90 
60 284 53 89 
60 284 52 88 
57 283 53 89 
54 283 53 89 
53 283 52 89 
52 284 52 88 
51 282 52 88 
48 282 52 87 
48 280 51 87 
45 280 52 87 
42 281 51 86 
39 280 51 87 
40 280 51 87 
39 280 52 87 
36 281 51 87 
35 282 52 88 
35 285 52 88 
34 286 53 89 
31 288 53 89 
32 289 53 89 
30 290 53 90 
30 292 53 89 
32 294 53 89 
33 296 53 90 
33 298 53 90 
33 299 53 90 
37 301 53 90 
39 303 53 89 
39 304 53 89 
41 308 53 89 
42 309 53 89 
44 311 53 89 
44 312 52 89 
47 313 52 88 
47 313 52 88 
48 314 53 89 
49 315 52 89 
50 317 52 89 
49 318 52 88 
49 319 52 88 
50 320 52 88 
50 322 52 88 
51 324 52 89 
52 326 53 89 
53 326 53 89 
52 328 53 89 
54 328 53 89 
56 328 53 89 
55 330 53 89 
57 332 52 88 
59 332 52 88 
61 332 51 87 
66 331 52 87 
66 331 52 87 
70 331 51 87 
71 331 51 87 
74 331 51 86 
78 331 51 86 
80 330 51 86 
84 329 50 85 
87 327 50 84 
89 326 50 85 
91 326 50 85 
93 323 50 84 
95 320 50 84 
101 317 50 84 
103 315 50 84 
106 315 50 84 
109 312 50 85 
112 311 50 85 
115 309 51 86 
118 308 51 86 
122 307 51 86 
129 306 51 87 
132 307 51 86 
137 305 51 87 
143 305 51 87 
148 306 51 86 
153 305 51 87 
161 304 52 87 
167 304 52 87 
173 306 52 87 
177 306 51 87 
186 305 51 87 
193 304 52 88 
198 304 52 87 
204 302 52 87 
212 300 52 87 
216 296 51 87 
221 293 51 87 
226 290 51 87 
232 287 51 87 
235 284 51 87 
241 281 51 87 
245 277 51 87 
251 275 52 87 
256 274 51 87 
259 273 51 87 
266 268 52 88 
268 268 52 88 
273 266 51 87 
279 264 52 87 
283 264 51 87 
287 262 51 87 
290 261 52 88 
293 259 52 88 
295 259 53 89 
298 260 53 89 
300 259 53 89 
302 257 53 89 
302 257 53 89 
303 256 52 89 
303 255 52 88 
298 254 52 88 
299 252 52 87 
298 249 52 87 
296 247 52 88 
297 247 52 88 
295 245 52 87 
295 244 51 87 
292 240 51 86 
291 239 52 87 
289 237 52 87 
286 234 52 87 
287 229 52 88 
288 227 52 88 
283 225 52 88 
291 232 52 87 
291 214 52 87 
292 209 52 87 
271 212 51 87 
270 210 51 87 
272 207 52 87 
273 208 52 87 
275 205 52 88 
282 205 52 88 
278 200 53 89 
302 177 53 89 
302 177 52 88 
307 175 52 88 
308 179 52 88 
311 176 53 89 
312 173 53 90 
309 171 53 89 
312 167 53 90 
311 169 53 90 
319 170 53 90 
319 169 53 90 
321 168 53 89 
325 169 53 89 
323 167 53 90 
323 161 54 91 
322 153 54 91 
321 154 54 91 
321 150 54 91 
321 144 54 91 
318 144 53 90 
318 144 53 90 
320 144 53 89 
321 148 53 89 
321 149 53 89 
319 143 53 89 
319 142 52 88 
318 132 52 88 
318 138 52 88 
318 142 51 87 
317 135 52 87 
316 139 51 86 
326 146 52 87 
318 139 52 88 
319 141 52 87 
322 141 52 87 
321 141 51 87 
320 137 51 86 
317 135 51 86 
316 134 51 85 
324 135 50 85 
321 139 50 85 
313 148 50 84 
323 135 50 85 
323 136 50 85 
324 138 50 85 
339 161 50 85 
339 171 50 85 
319 167 50 84 
329 171 49 83 
332 178 50 84 
336 188 50 84 
338 190 49 83 
341 193 50 84 
341 198 50 84 
342 201 49 83 
345 207 49 83 
344 211 50 84 
355 216 50 84 
356 219 49 83 
358 224 49 83 
362 228 49 82 
366 232 49 83 
371 234 49 82 
377 235 48 82 
382 237 49 82 
392 238 49 82 
398 238 49 82 
403 238 48 82 
416 239 48 81 
425 238 49 82 
442 235 49 82 
438 236 49 82 
452 232 49 82 
463 227 49 83 
479 235 49 82 
439 224 49 83 
447 217 49 83 
471 240 49 83 
485 232 49 82 
494 234 48 82 
492 233 48 82 
492 230 49 82 
492 228 49 82 
494 225 48 82 
486 222 48 82 
454 212 48 82 
447 201 49 82 
446 198 49 82 
468 209 49 83 
479 194 49 83 
467 188 49 84 
450 198 49 84 
429 203 50 84 
417 198 50 84 
410 196 50 84 
396 194 50 84 
383 189 50 84 
381 191 50 84 
374 181 49 83 
370 187 49 83 
368 182 49 83 
361 183 49 83 
353 187 49 83 
358 178 50 84 
360 176 50 84 
355 190 50 84 
353 177 50 84 
355 178 49 84 
350 180 50 84 
372 175 50 84 
369 185 50 84 
369 188 50 84 
420 150 50 84 
399 162 49 84 
398 174 49 84 
377 188 50 84 
376 192 50 84 
370 201 50 84 
365 211 49 83 
349 219 50 84 
345 232 50 84 
334 235 50 84 
323 236 50 84 
319 236 50 84 
306 233 50 84 
299 228 49 84 
293 222 49 84 
285 214 50 84 
279 206 50 84 
274 199 50 85 
271 191 50 84 
272 184 50 85 
270 177 50 84 
270 169 50 85 
267 162 50 84 
269 154 50 84 
271 148 50 84 
274 141 50 84 
276 135 50 85 
283 145 50 85 
281 133 50 85 
278 142 51 85 
282 141 51 85 
283 140 51 85 
278 140 51 86 
275 138 51 86 
273 142 51 85 
271 145 50 85 
271 146 50 85 
260 157 50 84 
271 136 50 84 
267 135 50 84 
242 160 50 84 
264 142 50 85 
263 143 50 84 
226 145 50 84 
225 137 50 84 
239 135 50 84 
217 170 50 84 
208 178 50 84 
189 134 50 84 
202 124 50 84 
203 122 50 84 
185 126 49 83 
189 124 49 83 
188 126 49 83 
194 115 49 83 
194 113 49 83 
189 117 49 83 
189 122 49 83 
208 110 49 83 
220 137 49 83 
222 150 49 82 
219 167 49 82 
221 152 49 82 
223 150 49 82 
226 168 48 82 
225 169 48 81 
226 145 48 81 
212 128 48 81 
208 128 48 81 
223 125 48 81 
202 134 48 81 
226 128 48 82 
216 123 48 81 
215 124 48 81 
177 115 48 81 
178 116 49 82 
176 117 49 82 
170 85 49 83 
164 83 49 82 
172 83 48 82 
170 84 48 82 
169 89 49 82 
180 96 49 82 
174 132 49 83 
167 131 49 83 
166 133 49 83 
162 132 49 82 
159 137 49 83 
161 136 50 84 
161 137 50 85 
161 137 50 85 
162 136 50 85 
159 135 50 85 
159 135 50 85 
159 135 50 85 
160 134 50 85 
160 134 50 85 
160 134 50 85 
160 133 50 84 
163 132 50 85 
162 131 50 85 
165 129 50 85 
166 127 50 84 
166 127 50 84 
167 127 50 84 
167 127 50 84 
170 126 50 84 
169 126 50 84 
170 126 50 84 
172 126 50 84 
175 124 50 84 
176 123 50 84 
178 123 50 84 
181 122 50 84 
183 121 49 83 
182 120 49 83 
186 119 50 84 
191 118 50 84 
192 116 49 83 
195 115 49 83 
199 114 49 82 
199 114 49 82 
202 112 48 82 
204 111 48 82 
206 109 48 82 
205 107 48 81 
208 107 48 81 
209 106 48 81 
210 105 48 81 
210 105 48 81 
211 103 48 81 
211 101 48 81 
210 101 47 80 
210 100 47 80 
211 99 47 80 
212 98 47 79 
212 96 47 80 
214 95 47 80 
215 95 47 79 
216 93 47 80 
218 93 47 80 
218 92 47 79 
222 92 47 79 
222 92 47 79 
224 92 47 80 
227 93 47 79 
227 95 47 80 
230 95 48 80 
231 96 47 80 
231 96 47 80 
233 97 47 80 
233 97 47 80 
234 96 47 80 
234 96 47 80 
235 96 47 80 
235 96 47 80 
236 95 48 80 
237 95 47 80 
236 95 47 80 
238 95 47 79 
239 93 47 79 
241 93 47 79 
242 94 47 80 
239 94 47 80 
239 92 47 80 
239 92 47 80 
243 92 48 80 
239 94 47 80 
239 94 47 79 
240 94 47 79 
237 95 47 79 
237 95 47 79 
237 94 47 79 
237 95 47 80 
237 96 47 80 
236 95 47 79 
236 95 47 79 
236 95 47 79 
236 95 47 79 
237 95 47 79 
238 94 47 79 
238 94 47 79 
239 95 47 80 
240 96 47 80 
240 95 47 80 
244 94 48 81 
244 93 48 81 
244 93 48 81 
249 93 48 81 
247 92 49 82 
248 93 49 83 
252 94 49 83 
252 94 49 83 
254 95 50 84 
255 93 50 84 
259 93 50 85 
260 92 50 85 
262 92 50 85 
263 93 50 84 
265 91 50 85 
269 93 50 85 
270 94 50 85 
270 95 50 85 
276 98 51 85 
276 100 50 85 
279 103 50 85 
282 107 51 86 
285 109 51 86 
289 112 51 86 
294 114 51 86 
298 119 51 86 
300 122 51 86 
306 124 51 86 
311 130 51 86 
317 135 51 87 
323 142 51 87 
328 147 51 86 
333 154 52 87 
339 160 51 87 
345 167 51 87 
350 174 52 87 
354 182 52 88 
357 187 52 87 
361 192 52 88 
363 198 52 88 
365 203 53 89 
367 206 53 90 
368 211 53 90 
369 216 53 90 
369 219 53 89 
367 222 53 89 
367 225 53 89 
367 228 53 89 
364 232 53 89 
362 236 53 90 
361 239 53 90 
361 241 53 89 
360 244 53 89 
358 248 53 89 
356 251 53 90 
357 254 53 90 
358 257 53 89 
359 260 53 89 
360 262 53 90 
362 265 53 89 
364 267 53 90 
366 271 54 90 
368 273 54 91 
373 275 54 90 
375 276 54 91 
377 278 53 89 
379 280 53 89 
381 281 52 88 
382 282 52 88 
385 283 52 88 
386 284 52 88 
387 282 52 88 
388 282 52 88 
387 284 52 87 
388 284 52 88 
386 282 52 88 
387 281 52 88 
382 283 52 88 
382 283 52 88 
379 283 52 88 
