322 200 48 80 
320 202 48 80 
322 205 48 79 
321 207 47 79 
323 211 47 79 
327 215 47 79 
330 218 48 80 
334 221 49 81 
336 223 49 82 
342 224 49 81 
345 225 49 81 
345 224 49 82 
347 225 49 82 
346 224 49 82 
345 224 49 82 
343 223 49 82 
341 225 49 82 
341 225 49 82 
339 225 49 82 
339 225 49 82 
337 224 49 82 
334 223 49 82 
331 222 49 82 
327 222 49 82 
322 226 50 83 
321 227 50 83 
325 228 50 83 
331 232 50 83 
337 235 50 83 
348 237 49 82 
358 237 49 82 
361 239 49 82 
376 246 50 83 
383 250 50 83 
382 257 49 82 
375 262 49 82 
369 268 50 83 
357 268 49 82 
347 271 49 82 
331 260 49 81 
312 262 49 81 
299 268 49 81 
289 262 49 81 
279 254 49 81 
273 245 48 80 
270 235 48 80 
270 227 48 80 
276 220 48 80 
282 222 48 80 
296 214 48 80 
314 214 48 80 
328 215 48 80 
338 214 48 80 
353 214 48 81 
364 214 48 81 
376 214 48 81 
388 211 49 81 
401 212 49 82 
415 214 49 82 
429 216 49 81 
445 224 48 81 
445 192 48 80 
423 209 48 80 
426 220 48 80 
423 226 48 80 
416 228 48 79 
396 244 48 80 
430 239 48 79 
410 244 48 80 
396 261 48 80 
380 255 48 80 
367 255 48 80 
359 252 48 80 
345 248 48 80 
341 245 48 80 
330 240 48 80 
317 236 48 80 
313 230 48 79 
304 228 48 80 
297 226 48 80 
295 225 48 80 
290 224 48 79 
285 225 48 80 
284 226 48 80 
283 226 48 80 
278 225 48 80 
277 224 49 81 
275 225 49 82 
273 224 49 82 
270 222 49 82 
267 221 49 81 
263 217 48 81 
260 217 48 81 
258 214 49 81 
254 213 49 81 
253 211 48 80 
253 211 48 81 
253 211 48 81 
250 208 48 81 
250 206 49 81 
247 207 48 81 
251 208 48 81 
246 211 48 81 
246 208 49 81 
247 210 49 81 
245 206 49 81 
249 214 48 81 
255 217 49 81 
259 215 48 81 
265 217 49 81 
270 216 49 81 
274 216 49 81 
281 216 49 82 
291 215 49 82 
291 215 49 82 
296 214 49 82 
299 213 49 81 
306 212 49 81 
310 212 49 82 
311 212 49 81 
311 212 48 80 
312 211 48 80 
314 208 48 80 
314 205 48 80 
314 204 48 79 
314 203 47 78 
316 201 47 78 
316 198 47 79 
315 195 47 79 
315 191 47 79 
314 187 47 78 
313 183 47 78 
313 179 47 78 
315 177 47 78 
316 178 47 78 
318 175 47 78 
316 175 47 78 
319 176 47 78 
320 176 47 78 
322 176 47 78 
323 176 46 77 
324 176 46 77 
323 176 46 77 
323 176 46 77 
320 175 46 77 
318 176 46 76 
314 177 46 76 
312 179 46 76 
310 179 46 76 
307 180 46 77 
304 183 46 76 
300 186 46 76 
301 188 46 76 
298 191 46 76 
297 193 46 77 
294 197 46 77 
297 200 46 76 
301 204 46 77 
306 208 46 76 
312 212 46 76 
319 219 46 77 
328 224 46 77 
337 232 46 77 
347 236 46 76 
359 242 46 76 
368 243 45 75 
381 236 45 76 
389 231 45 76 
395 222 46 76 
399 215 46 76 
397 211 46 76 
393 201 46 76 
384 191 45 75 
371 185 45 76 
358 181 45 76 
342 185 45 76 
325 185 45 76 
313 195 46 76 
304 207 45 76 
294 222 46 77 
290 235 46 77 
289 245 46 77 
292 253 46 77 
299 261 47 78 
304 267 46 77 
315 268 47 78 
285 254 46 77 
313 240 46 77 
328 236 46 77 
366 251 46 77 
378 270 47 78 
388 271 46 77 
395 256 46 77 
397 256 47 78 
392 247 47 78 
383 240 47 78 
374 234 47 78 
362 230 47 78 
350 226 47 78 
338 222 47 78 
321 218 46 77 
305 215 46 77 
288 212 47 78 
273 212 47 78 
263 213 47 79 
252 213 47 79 
243 214 47 79 
238 215 48 79 
231 215 47 79 
227 217 47 79 
226 218 47 79 
225 221 47 79 
230 225 47 78 
239 228 47 79 
253 235 47 78 
274 241 47 78 
288 247 47 79 
303 250 47 78 
319 250 47 78 
332 248 47 78 
342 238 47 78 
348 233 47 78 
349 230 47 78 
349 224 47 79 
345 221 48 79 
336 218 48 80 
330 216 48 80 
324 216 48 79 
321 215 48 80 
316 216 48 79 
314 215 47 79 
316 216 47 79 
321 216 47 79 
326 217 47 79 
332 217 47 79 
339 216 48 80 
345 214 48 80 
348 210 48 81 
350 205 49 81 
352 200 49 81 
355 195 49 81 
353 190 49 81 
353 184 49 81 
352 183 49 81 
354 184 48 81 
353 185 48 80 
355 192 48 81 
355 200 48 80 
354 210 48 81 
349 221 48 81 
345 234 48 81 
342 249 49 81 
346 245 49 81 
370 232 49 81 
363 248 49 82 
367 257 49 82 
369 259 49 82 
375 257 49 82 
366 265 49 81 
369 270 49 82 
364 274 49 81 
367 276 49 81 
361 279 49 81 
362 267 49 81 
351 253 49 81 
348 249 49 81 
348 253 48 80 
306 267 48 80 
307 264 48 80 
311 263 48 80 
321 256 49 81 
330 252 49 81 
349 246 48 80 
360 244 48 81 
376 241 49 82 
393 238 49 82 
410 230 50 83 
424 233 49 82 
430 229 49 82 
429 222 49 81 
422 213 49 82 
410 204 49 81 
398 196 49 81 
384 186 49 81 
371 178 48 81 
355 173 49 81 
341 171 49 81 
329 168 48 80 
313 170 48 79 
298 170 47 79 
280 175 47 79 
