349 195 26 61 
353 194 26 60 
352 190 26 60 
351 191 26 60 
351 192 26 60 
355 177 26 60 
349 182 26 60 
346 177 26 61 
343 178 26 60 
344 194 25 60 
345 194 25 59 
343 192 25 60 
343 191 25 60 
342 191 25 59 
343 197 26 60 
341 194 26 60 
339 182 25 59 
338 187 25 59 
332 195 25 60 
337 196 25 59 
338 195 25 59 
343 192 25 60 
342 189 25 59 
342 185 25 58 
343 187 25 58 
342 185 25 58 
343 185 24 57 
342 185 25 58 
340 185 25 58 
342 182 25 59 
344 181 25 58 
345 181 25 58 
342 182 25 59 
345 177 25 59 
345 177 25 59 
344 180 25 59 
346 179 25 59 
347 181 25 59 
345 181 25 58 
350 180 24 57 
345 180 25 58 
346 180 25 58 
349 179 25 58 
346 180 24 57 
347 177 24 56 
345 180 24 56 
346 179 24 57 
345 180 24 57 
348 181 24 57 
348 181 24 57 
348 179 24 57 
346 184 24 56 
349 184 24 56 
348 184 24 56 
349 183 23 55 
352 181 23 55 
350 185 23 55 
350 183 23 55 
353 182 23 54 
352 182 23 54 
349 181 23 54 
350 181 23 54 
348 183 23 54 
344 185 24 56 
344 185 24 56 
343 180 24 56 
341 183 24 55 
340 181 23 54 
339 185 23 53 
340 180 23 53 
340 180 23 54 
339 180 23 54 
337 179 23 53 
338 178 23 54 
338 185 23 54 
335 181 23 53 
338 180 22 53 
335 180 22 53 
336 180 22 52 
339 180 22 52 
339 181 22 52 
337 180 22 52 
339 178 22 53 
339 183 23 53 
337 185 23 54 
336 187 23 54 
337 183 23 53 
337 186 22 53 
338 185 22 53 
340 183 22 53 
342 187 22 52 
343 184 22 53 
344 186 22 52 
348 180 23 53 
346 180 23 54 
345 186 23 54 
349 182 23 55 
351 180 24 55 
350 180 24 55 
350 183 23 55 
350 180 23 55 
351 184 23 55 
351 179 23 55 
352 180 23 55 
353 184 23 55 
352 184 23 54 
354 184 23 55 
355 186 23 54 
355 183 23 55 
357 186 24 56 
358 181 24 56 
361 191 24 56 
363 191 24 56 
372 184 24 56 
372 183 24 57 
376 187 24 57 
373 189 24 57 
376 186 24 57 
381 188 24 57 
379 185 24 57 
382 185 25 58 
382 185 25 58 
379 193 25 59 
381 189 26 60 
378 191 26 60 
383 189 26 60 
384 191 25 58 
383 188 25 59 
387 187 25 58 
387 192 25 59 
387 196 25 59 
390 195 25 60 
392 195 25 59 
393 191 25 59 
398 192 25 59 
396 190 25 58 
400 197 25 58 
400 198 25 58 
400 198 25 58 
403 194 25 59 
403 194 25 59 
404 201 25 59 
408 202 25 60 
406 203 25 60 
412 199 25 60 
417 199 25 60 
420 201 25 59 
418 203 26 61 
421 209 26 62 
424 201 26 62 
427 199 27 63 
427 197 27 65 
427 197 27 64 
428 199 28 65 
431 198 28 65 
428 197 27 64 
432 196 27 64 
433 198 28 65 
429 195 28 66 
428 196 28 66 
430 198 28 67 
430 198 28 67 
430 198 28 67 
432 199 29 67 
433 200 29 67 
439 202 29 67 
443 201 29 68 
446 201 29 68 
456 200 29 68 
458 202 29 67 
461 202 28 67 
466 199 28 67 
470 199 28 66 
471 198 28 66 
473 197 28 65 
474 196 27 64 
475 195 27 63 
477 193 27 64 
479 195 28 65 
482 189 27 64 
480 193 27 64 
481 193 27 64 
482 191 27 64 
482 191 27 64 
482 194 27 64 
486 193 27 63 
485 197 27 63 
487 196 27 63 
487 196 27 64 
486 199 27 64 
486 200 27 64 
482 202 27 64 
478 202 27 64 
478 201 28 65 
475 200 28 65 
472 198 28 65 
471 200 27 64 
469 202 27 64 
471 201 27 64 
474 201 28 65 
476 198 28 65 
469 199 28 66 
472 199 28 66 
471 197 28 66 
470 195 28 66 
471 194 29 67 
471 194 29 68 
470 190 29 67 
469 190 29 67 
467 189 29 68 
468 186 29 67 
465 187 29 68 
466 191 30 69 
464 192 29 69 
463 189 29 68 
464 191 29 68 
466 185 29 69 
466 185 29 69 
466 186 29 68 
465 186 29 67 
466 184 29 67 
467 184 29 68 
468 184 29 68 
469 183 29 68 
470 189 29 68 
468 188 29 67 
469 183 29 68 
469 181 29 67 
470 174 29 67 
470 175 28 67 
470 176 28 66 
472 183 29 68 
475 185 29 68 
479 176 29 68 
480 179 29 68 
485 177 29 68 
490 179 29 67 
494 178 29 68 
502 171 29 68 
518 166 29 68 
522 165 29 68 
525 163 29 68 
530 165 29 68 
537 167 29 67 
547 160 29 68 
547 163 29 67 
551 159 29 67 
553 158 28 66 
553 161 28 65 
553 158 27 64 
555 152 27 64 
549 157 27 64 
550 151 27 64 
550 150 27 64 
546 154 27 63 
544 154 27 63 
542 155 26 62 
542 153 26 61 
539 154 26 61 
536 155 26 60 
535 155 25 60 
533 154 26 60 
527 154 25 59 
525 151 26 60 
524 148 26 61 
525 148 26 61 
521 145 25 60 
518 148 25 59 
518 145 25 60 
517 143 26 60 
513 138 26 61 
510 139 25 59 
509 138 25 59 
505 135 25 59 
504 131 26 60 
504 129 25 60 
499 127 26 60 
501 127 25 59 
502 129 25 59 
502 129 25 59 
503 127 26 60 
505 126 25 60 
503 124 25 60 
505 123 26 60 
505 121 25 59 
505 123 25 59 
505 121 25 58 
504 121 25 58 
506 117 25 58 
510 116 24 57 
510 116 24 57 
508 117 24 56 
508 116 24 55 
509 117 24 55 
510 119 24 56 
509 118 23 55 
505 118 23 54 
503 119 24 55 
501 120 24 55 
498 121 24 56 
493 119 24 56 
489 116 24 56 
486 117 23 55 
481 115 23 54 
476 116 23 54 
473 120 22 53 
470 123 22 52 
466 125 22 53 
459 125 22 52 
457 127 22 53 
456 128 22 51 
455 128 22 51 
450 129 22 51 
450 126 22 51 
448 125 21 50 
448 126 21 50 
446 126 21 49 
446 126 21 49 
446 126 21 49 
447 128 21 49 
446 127 21 48 
446 127 21 48 
447 127 20 48 
445 129 20 48 
446 129 20 47 
444 127 20 47 
443 125 20 46 
440 124 20 46 
439 123 20 46 
436 126 19 46 
436 126 19 46 
431 125 20 46 
430 125 20 46 
429 124 20 46 
427 125 20 47 
425 127 20 46 
424 124 19 45 
420 125 19 45 
417 124 19 44 
415 125 19 43 
412 125 19 44 
411 124 19 44 
409 124 19 44 
408 124 19 44 
401 123 19 44 
396 123 19 44 
393 121 19 44 
388 121 19 44 
388 121 19 44 
388 121 18 43 
