166 126 26 43 
164 119 26 43 
165 115 26 43 
165 107 25 42 
164 100 25 42 
165 95 26 42 
164 93 26 42 
162 90 26 42 
156 87 26 43 
153 86 26 43 
147 85 26 43 
141 84 26 43 
135 83 26 43 
127 80 26 43 
121 82 26 42 
119 80 26 43 
121 80 26 43 
122 77 26 43 
121 75 26 43 
115 72 25 42 
111 70 26 42 
104 68 26 43 
98 62 26 43 
96 62 26 43 
91 58 26 43 
86 61 26 43 
85 60 25 42 
87 60 26 42 
88 60 26 43 
92 60 26 43 
96 63 26 44 
101 65 26 44 
107 72 26 44 
106 75 27 44 
109 83 27 44 
111 89 27 44 
120 91 26 43 
120 95 26 43 
127 93 26 43 
132 87 26 43 
137 81 26 43 
142 74 26 43 
148 69 25 42 
152 63 26 42 
167 67 26 42 
172 65 25 42 
176 64 25 42 
176 65 25 42 
172 61 26 43 
170 62 26 42 
182 66 26 42 
186 62 25 42 
189 61 25 42 
193 62 25 42 
207 68 25 42 
217 69 25 42 
223 78 25 42 
229 86 25 41 
232 92 25 42 
237 94 25 41 
243 103 25 41 
244 104 24 40 
253 111 24 39 
257 116 24 40 
266 121 24 39 
267 124 24 39 
273 120 24 39 
278 122 23 39 
271 125 23 39 
278 129 23 39 
270 132 24 39 
261 137 24 39 
249 151 24 39 
232 159 24 39 
217 171 23 39 
200 183 24 39 
206 157 24 40 
229 166 24 40 
195 174 24 39 
217 189 24 39 
239 192 24 40 
