198 136 37 114 
199 140 37 114 
199 146 37 114 
198 151 37 114 
196 149 36 112 
196 149 36 112 
194 149 36 111 
194 149 36 111 
191 146 37 113 
189 151 37 113 
185 152 37 114 
183 157 37 114 
181 162 37 115 
180 157 37 115 
176 157 37 114 
178 153 37 114 
177 148 37 115 
177 148 38 116 
177 145 38 116 
178 149 38 116 
180 153 38 117 
182 152 38 117 
184 154 38 116 
185 152 38 116 
184 150 37 114 
188 150 37 115 
189 146 38 116 
189 149 38 116 
190 148 38 118 
191 145 38 117 
191 145 38 117 
190 147 37 115 
189 145 38 116 
188 144 38 117 
188 142 38 117 
189 140 38 117 
188 139 37 115 
189 139 37 114 
185 140 37 115 
186 143 37 114 
184 144 37 114 
181 142 36 112 
181 141 37 113 
179 139 37 113 
174 138 37 114 
172 137 37 114 
166 139 37 114 
167 138 37 114 
163 139 37 113 
163 98 37 113 
162 72 37 114 
156 57 37 114 
154 57 37 114 
154 57 37 114 
149 57 37 113 
148 56 36 112 
148 57 37 113 
152 56 37 113 
150 57 37 114 
151 57 37 114 
151 57 37 114 
150 57 37 114 
146 57 37 114 
146 57 37 113 
145 57 37 113 
145 56 36 112 
141 56 36 111 
139 62 36 110 
136 55 36 111 
133 55 36 111 
131 55 36 110 
127 55 35 109 
125 55 35 109 
122 55 35 109 
119 54 35 109 
116 54 35 109 
113 57 35 108 
107 54 35 109 
91 55 35 109 
81 54 35 107 
81 81 35 107 
77 92 35 107 
76 77 35 107 
69 73 34 106 
69 72 34 106 
67 71 35 107 
65 64 35 107 
63 53 35 107 
63 59 34 106 
60 53 35 106 
60 53 34 105 
61 53 35 106 
58 57 34 105 
58 58 34 106 
53 57 34 104 
51 59 34 103 
45 57 33 103 
39 57 33 102 
36 55 33 102 
31 56 33 102 
27 51 33 102 
24 51 33 102 
23 58 33 101 
18 54 33 101 
17 53 33 102 
17 86 33 103 
16 93 33 102 
16 92 33 100 
16 113 32 99 
36 93 32 98 
33 98 32 99 
18 93 32 99 
16 91 32 98 
16 92 31 96 
19 98 31 96 
28 104 31 96 
16 107 31 97 
16 106 31 96 
26 117 31 96 
16 118 31 96 
16 109 31 97 
16 132 31 96 
15 133 31 95 
15 132 31 94 
18 158 31 95 
16 150 31 96 
16 138 31 97 
19 146 31 96 
19 154 31 96 
15 154 31 95 
20 151 31 95 
15 153 31 95 
16 154 31 96 
15 155 31 95 
15 159 31 95 
15 152 31 94 
23 153 30 93 
19 152 30 93 
15 165 30 92 
15 166 30 92 
15 171 30 93 
38 188 30 94 
17 171 30 94 
18 167 31 94 
17 169 31 95 
15 168 30 94 
19 170 30 93 
16 164 30 93 
27 168 30 93 
31 171 31 94 
15 162 30 94 
15 156 30 94 
15 155 31 94 
15 153 30 93 
15 169 30 93 
37 176 30 93 
15 177 30 92 
17 135 30 91 
17 140 30 91 
15 146 30 92 
15 147 30 92 
44 151 30 92 
48 148 30 92 
64 146 30 93 
48 147 30 93 
41 144 30 94 
46 144 30 94 
33 146 30 93 
31 150 30 93 
34 152 30 93 
55 162 30 93 
36 148 30 94 
29 150 31 94 
27 148 31 94 
15 141 30 93 
15 140 30 92 
15 145 30 92 
34 114 30 92 
52 128 30 92 
24 148 30 91 
23 156 29 91 
15 152 29 89 
14 151 29 88 
14 154 29 89 
18 160 29 90 
14 158 29 89 
16 158 29 90 
15 154 29 90 
15 155 30 91 
15 153 29 90 
26 155 29 90 
27 147 29 89 
20 145 28 87 
14 149 28 87 
14 143 28 86 
18 141 28 85 
18 142 28 85 
14 135 28 86 
14 138 28 86 
14 140 28 86 
14 142 27 84 
30 139 28 85 
17 138 28 86 
14 138 28 85 
13 135 27 83 
14 137 27 83 
22 145 27 82 
27 150 27 83 
20 157 27 82 
16 162 27 82 
19 161 27 82 
32 161 26 81 
28 164 26 81 
13 164 27 82 
13 163 26 82 
29 173 26 80 
26 175 26 80 
47 182 26 80 
31 181 26 80 
30 184 26 81 
22 157 27 82 
15 167 26 81 
13 141 26 80 
19 140 26 80 
14 145 27 83 
16 145 26 82 
13 166 26 81 
23 164 27 82 
22 165 27 82 
16 165 27 82 
13 163 26 80 
13 163 26 81 
13 165 26 81 
13 163 26 81 
17 162 27 82 
13 158 27 83 
14 155 27 84 
14 150 27 84 
13 149 27 82 
14 140 27 82 
13 109 27 82 
27 118 27 82 
23 123 27 83 
13 122 26 81 
13 153 26 81 
13 154 26 81 
13 149 26 81 
13 151 26 80 
13 154 26 80 
16 159 26 81 
18 164 26 81 
17 169 26 80 
17 170 26 80 
13 166 26 81 
13 167 26 80 
13 166 26 80 
13 167 26 82 
13 169 27 82 
13 168 26 81 
13 171 26 81 
13 173 26 82 
13 176 27 83 
20 180 27 82 
14 180 26 81 
13 187 26 80 
17 188 26 79 
16 190 26 80 
14 191 26 80 
13 188 26 81 
21 186 26 80 
19 188 26 80 
13 185 26 81 
13 179 26 80 
13 179 26 81 
16 181 26 80 
16 182 26 80 
13 183 26 81 
13 184 26 80 
30 190 26 80 
25 186 26 80 
39 189 26 81 
13 189 26 80 
28 188 26 81 
34 193 26 82 
25 193 27 82 
20 193 26 81 
16 190 26 81 
13 192 26 79 
13 194 26 79 
13 196 26 81 
13 196 26 80 
13 196 26 80 
13 200 26 79 
25 163 25 78 
63 156 26 79 
60 161 26 80 
65 149 26 81 
61 133 25 79 
55 143 26 79 
47 132 25 78 
36 128 25 78 
31 123 25 78 
23 123 25 78 
12 116 25 76 
12 108 25 77 
18 87 25 77 
12 94 25 76 
