25 113 19 51 
26 114 19 52 
30 114 19 52 
30 114 19 51 
32 114 19 51 
33 113 19 51 
34 114 19 50 
35 114 18 50 
37 114 19 50 
38 115 19 51 
40 115 19 51 
41 116 19 51 
43 115 19 52 
46 117 19 51 
47 118 19 52 
49 118 19 52 
50 117 20 53 
53 117 20 53 
54 116 20 54 
55 116 20 55 
58 117 20 55 
58 118 21 55 
61 118 20 55 
60 117 21 55 
62 118 21 56 
64 119 21 56 
66 118 21 55 
69 118 20 54 
70 118 20 55 
72 119 21 56 
74 117 20 54 
75 116 20 53 
77 116 20 53 
79 116 19 52 
79 117 19 51 
81 114 19 52 
81 115 19 52 
82 114 19 50 
80 109 19 50 
81 104 19 51 
85 109 18 50 
95 119 18 49 
94 114 18 48 
96 113 18 48 
96 114 17 47 
97 113 17 46 
99 117 17 46 
102 115 17 46 
103 116 18 47 
104 115 17 47 
107 114 18 48 
111 116 18 47 
112 114 18 47 
112 115 17 46 
115 115 17 47 
116 116 18 48 
118 115 18 47 
120 114 18 48 
121 114 18 48 
123 114 17 47 
125 115 18 47 
127 115 18 48 
127 114 18 49 
129 115 18 48 
129 114 18 48 
132 113 18 48 
133 113 18 49 
136 114 18 49 
137 114 18 48 
138 114 18 48 
142 116 18 48 
143 117 18 48 
144 114 18 48 
145 116 18 47 
148 115 18 47 
150 116 18 47 
152 117 17 47 
155 117 17 46 
156 116 17 46 
158 116 17 47 
159 115 17 47 
161 116 17 47 
164 116 18 47 
164 118 18 47 
166 116 17 47 
167 113 17 46 
168 111 17 46 
170 112 17 46 
169 110 17 46 
173 111 18 47 
175 115 18 48 
176 114 18 47 
178 114 18 47 
178 111 18 47 
176 107 17 46 
178 97 17 46 
179 99 17 47 
187 113 18 47 
188 112 18 48 
190 112 18 48 
191 112 18 47 
194 112 17 46 
195 112 17 45 
196 113 17 46 
199 111 17 46 
201 112 17 46 
202 112 17 45 
204 110 17 45 
205 111 17 46 
207 114 17 46 
210 112 17 46 
209 110 17 45 
211 111 17 45 
213 109 17 46 
214 110 17 45 
215 110 16 44 
218 112 17 45 
219 109 17 45 
219 105 17 45 
223 107 17 45 
225 113 16 44 
226 112 17 45 
228 110 17 45 
230 112 17 45 
231 109 16 44 
234 113 16 43 
235 106 16 44 
236 107 16 44 
238 111 17 44 
240 112 16 44 
242 112 17 44 
244 108 16 44 
245 109 16 43 
247 110 16 43 
249 110 16 43 
249 110 16 44 
252 111 17 44 
253 109 17 44 
255 110 16 44 
257 109 16 44 
258 108 16 43 
260 110 16 44 
262 110 16 44 
263 108 16 43 
265 112 16 44 
267 108 16 44 
269 110 17 45 
271 110 17 45 
272 110 17 45 
275 110 16 44 
277 110 16 44 
278 111 17 45 
279 109 17 44 
281 108 17 44 
283 107 17 45 
284 111 17 45 
287 108 16 44 
289 109 16 44 
291 110 16 44 
293 109 17 45 
294 110 17 45 
295 111 16 44 
298 110 16 44 
299 110 16 44 
301 109 16 44 
304 109 16 43 
304 108 16 44 
306 109 16 43 
308 109 16 44 
311 110 16 44 
312 110 16 42 
313 110 16 42 
315 112 16 42 
317 112 16 42 
318 112 16 43 
