164 99 60 88 
163 98 60 88 
164 98 60 88 
165 98 60 88 
165 98 60 88 
165 98 60 88 
165 98 60 88 
165 98 60 88 
165 98 60 88 
165 98 60 88 
163 98 60 89 
165 98 60 88 
167 100 60 88 
169 99 60 89 
169 100 60 89 
169 100 60 89 
166 101 60 88 
158 101 60 89 
153 99 60 89 
145 100 60 89 
142 99 60 88 
135 99 60 89 
129 101 61 89 
122 104 61 89 
115 107 61 89 
112 111 61 89 
111 114 61 89 
113 120 61 90 
112 125 61 89 
113 132 61 90 
117 133 61 89 
117 134 61 89 
120 144 61 90 
125 135 61 90 
123 163 61 89 
128 147 61 90 
136 146 61 89 
146 147 61 89 
179 158 60 88 
181 157 60 88 
187 158 60 88 
192 164 60 88 
202 159 60 88 
196 162 60 88 
199 171 60 88 
196 146 60 89 
187 162 61 89 
191 157 60 88 
187 149 60 88 
193 143 60 88 
193 139 60 88 
193 134 60 88 
193 131 60 87 
194 132 59 87 
196 127 60 87 
194 127 59 87 
191 127 59 87 
182 124 59 87 
172 120 59 87 
163 118 59 87 
154 120 60 87 
149 119 59 87 
138 123 59 87 
132 124 59 87 
128 120 59 87 
128 126 59 87 
130 126 59 87 
129 128 60 88 
134 124 60 88 
172 105 60 87 
163 112 59 87 
161 116 59 87 
155 115 59 87 
165 117 59 87 
166 115 59 86 
195 112 59 87 
209 112 59 87 
217 90 60 87 
218 95 59 87 
217 89 59 87 
215 93 59 87 
219 97 59 87 
211 119 59 87 
187 139 59 87 
180 139 59 87 
172 141 60 87 
167 140 59 87 
160 140 59 87 
150 144 59 87 
144 143 59 87 
144 140 60 88 
141 131 60 88 
140 122 59 87 
140 120 59 87 
142 123 60 87 
145 125 60 88 
151 126 59 87 
157 125 60 87 
166 125 59 87 
165 119 59 86 
182 138 59 87 
194 134 59 87 
197 123 60 87 
196 132 60 87 
206 135 60 87 
206 137 60 88 
211 113 60 88 
205 111 60 88 
193 109 60 89 
189 107 61 89 
188 135 60 88 
147 145 60 88 
143 150 60 88 
147 150 60 88 
152 147 60 87 
155 140 60 88 
162 140 59 87 
165 143 60 87 
172 145 60 88 
176 144 60 88 
179 142 60 88 
182 137 60 88 
181 130 60 88 
183 126 60 88 
182 121 60 87 
181 119 59 87 
185 114 59 87 
188 111 60 87 
187 112 60 87 
187 110 61 89 
183 110 60 89 
178 110 60 88 
176 109 59 87 
167 107 59 86 
156 107 59 86 
142 106 59 87 
137 103 59 87 
128 104 59 87 
124 111 59 86 
124 117 59 86 
125 120 59 86 
126 123 59 86 
130 123 58 86 
138 121 58 86 
146 123 59 86 
154 124 59 87 
161 125 59 86 
171 125 58 85 
172 124 58 85 
175 124 58 84 
176 121 58 84 
177 116 58 85 
180 115 57 84 
179 115 58 85 
178 115 58 85 
178 115 58 85 
173 113 58 85 
161 115 58 85 
152 113 58 85 
142 111 58 85 
138 112 58 85 
130 111 58 86 
121 109 58 84 
113 115 58 85 
110 125 58 84 
111 129 58 85 
112 137 58 84 
115 142 58 85 
121 143 58 86 
129 144 59 86 
136 145 59 86 
141 145 59 86 
152 145 59 87 
159 144 59 87 
169 144 60 87 
173 144 60 87 
176 139 60 88 
179 136 60 88 
179 136 60 88 
180 131 59 87 
182 124 59 86 
184 120 59 86 
192 115 58 85 
193 115 58 85 
192 115 58 85 
190 114 58 86 
185 116 58 86 
179 115 59 86 
173 111 59 86 
168 112 59 86 
162 115 59 87 
160 111 59 87 
143 108 59 86 
145 108 59 87 
134 106 59 87 
132 108 59 86 
125 106 58 86 
121 109 59 86 
113 114 59 87 
112 118 59 87 
111 121 60 87 
115 124 60 88 
118 127 60 87 
122 128 60 88 
131 128 60 88 
140 126 60 87 
143 125 60 87 
152 125 60 88 
159 126 60 88 
167 126 59 87 
173 128 60 87 
176 129 59 87 
178 128 59 87 
178 129 59 87 
180 122 59 87 
180 117 59 87 
180 118 59 87 
184 119 60 87 
182 118 60 87 
179 118 60 87 
173 116 60 87 
167 115 60 87 
157 115 59 87 
155 112 59 87 
147 114 59 87 
141 114 60 88 
134 114 60 88 
133 112 60 88 
130 114 60 88 
128 114 60 88 
129 113 60 88 
131 112 59 87 
133 113 59 87 
137 114 59 86 
143 114 59 86 
144 115 59 87 
152 115 58 86 
160 115 59 86 
164 114 59 86 
171 114 58 86 
177 116 58 85 
179 116 58 85 
182 119 58 85 
182 128 58 85 
186 136 58 86 
184 141 58 86 
178 140 58 85 
176 140 58 86 
165 143 58 86 
155 144 58 86 
146 143 58 86 
139 143 58 86 
136 140 58 85 
135 135 58 85 
134 131 58 85 
135 127 58 86 
136 125 59 86 
131 121 59 86 
133 121 58 85 
134 118 58 85 
135 115 58 85 
139 115 58 85 
143 112 58 85 
152 110 58 85 
154 111 58 85 
159 110 58 85 
168 109 58 85 
171 108 58 86 
175 109 58 86 
179 109 58 86 
179 109 59 86 
184 108 59 86 
184 108 59 86 
186 107 59 86 
185 106 59 86 
187 106 58 85 
186 106 58 85 
187 104 58 85 
184 104 58 85 
180 105 58 85 
174 105 58 85 
169 105 58 85 
162 104 59 86 
152 104 58 86 
144 106 59 86 
137 108 58 86 
129 105 59 86 
126 104 59 86 
121 104 59 87 
118 102 59 87 
117 101 60 87 
117 101 60 87 
113 103 60 87 
116 102 60 88 
118 103 60 88 
122 103 60 88 
128 103 61 89 
139 103 61 89 
151 100 61 89 
156 99 61 89 
163 103 61 89 
171 104 61 90 
178 102 61 89 
179 112 61 89 
180 125 60 89 
186 133 60 88 
182 145 60 88 
178 156 60 89 
180 153 61 89 
169 153 61 89 
164 154 61 89 
150 154 61 89 
136 157 60 89 
125 154 60 88 
118 150 59 87 
114 142 59 87 
114 136 59 86 
112 128 59 87 
111 123 59 86 
119 120 59 86 
123 117 59 86 
133 115 59 87 
137 114 59 87 
149 115 60 88 
163 114 60 87 
174 114 60 87 
186 115 60 88 
189 114 60 87 
190 115 60 88 
190 117 60 87 
190 126 60 87 
191 133 60 87 
187 137 59 87 
180 139 59 86 
176 140 59 87 
169 139 59 86 
158 139 59 86 
148 139 59 87 
143 140 59 87 
140 139 59 86 
139 133 59 86 
138 129 59 86 
138 125 59 86 
137 122 59 86 
140 118 58 86 
141 117 58 85 
148 114 59 86 
157 114 59 86 
167 114 58 86 
174 115 59 86 
177 118 59 86 
178 115 59 86 
179 124 59 86 
182 125 59 86 
178 126 59 87 
169 125 59 87 
160 126 59 86 
158 125 58 86 
144 123 59 86 
134 123 59 86 
129 123 59 86 
126 123 59 86 
123 113 58 85 
121 124 58 85 
120 128 58 85 
122 131 58 85 
123 133 58 85 
130 130 58 85 
132 132 58 85 
139 133 58 85 
148 132 58 85 
159 132 57 84 
167 131 58 84 
175 132 58 85 
177 132 57 84 
178 131 58 85 
180 125 58 85 
182 118 58 86 
184 117 58 86 
183 118 58 85 
183 116 58 85 
177 116 58 86 
166 117 58 85 
158 115 58 86 
149 112 58 85 
135 112 58 85 
133 111 58 86 
127 105 58 86 
117 109 58 86 
115 113 59 86 
112 116 58 86 
114 120 58 86 
117 122 58 85 
121 123 58 86 
126 127 59 86 
133 135 59 87 
145 130 59 87 
149 129 59 87 
161 128 59 86 
170 129 59 86 
179 130 59 86 
182 129 58 86 
187 132 59 86 
187 132 59 86 
187 131 59 87 
187 128 59 86 
186 126 59 86 
180 120 59 87 
171 118 59 86 
170 113 59 86 
160 109 59 87 
148 108 59 86 
142 109 59 86 
130 109 59 86 
126 106 59 86 
124 104 58 86 
121 107 58 86 
118 110 59 86 
119 115 58 85 
123 118 58 85 
130 122 58 85 
131 124 58 85 
140 124 58 84 
150 126 58 85 
160 127 58 85 
169 126 58 85 
174 127 58 85 
183 127 57 84 
190 127 57 84 
190 127 57 84 
190 127 57 84 
192 123 57 84 
191 121 58 84 
193 118 58 85 
192 116 58 85 
193 113 57 84 
194 95 57 84 
187 81 57 84 
189 84 57 83 
193 80 57 83 
184 103 56 83 
192 79 56 82 
172 99 56 83 
169 94 56 83 
178 98 56 83 
169 87 56 83 
165 106 57 83 
163 108 57 83 
161 112 57 84 
162 93 57 84 
186 80 57 84 
186 99 57 83 
186 98 57 83 
186 98 57 83 
186 98 57 83 
186 98 57 83 
186 98 57 83 
186 98 57 83 
163 108 56 83 
159 111 56 83 
121 96 56 82 
122 93 56 83 
120 95 56 83 
123 94 57 83 
115 94 57 83 
122 93 56 82 
121 95 56 82 
114 93 56 82 
121 93 56 82 
123 86 56 83 
126 86 56 82 
124 87 56 82 
124 86 56 82 
125 85 56 82 
126 88 55 81 
126 85 56 82 
