162 186 32 73 
162 186 32 73 
162 186 32 73 
162 186 32 73 
163 185 32 73 
163 186 32 73 
163 186 32 73 
163 186 32 73 
163 186 32 73 
163 186 32 73 
163 186 32 73 
163 187 32 74 
163 187 32 74 
163 187 32 74 
164 186 33 75 
164 186 33 75 
165 186 33 75 
164 187 33 75 
164 187 33 75 
163 186 33 74 
163 186 33 74 
163 186 33 74 
164 185 33 74 
164 186 32 74 
166 186 32 73 
165 186 32 73 
164 186 32 72 
164 186 32 72 
164 186 32 72 
165 185 32 72 
167 187 32 74 
165 186 32 73 
165 187 32 73 
165 186 32 72 
165 185 32 72 
164 186 32 72 
164 187 32 72 
164 189 32 72 
163 189 32 72 
163 189 32 73 
161 188 32 73 
162 189 32 73 
162 189 32 73 
163 188 33 75 
163 187 33 75 
161 188 32 74 
161 188 32 73 
161 188 32 73 
162 188 32 73 
161 189 32 72 
161 189 32 72 
159 190 32 73 
160 189 33 75 
159 189 33 75 
159 189 33 75 
160 188 33 75 
158 189 33 75 
159 190 33 75 
159 189 33 76 
160 190 33 76 
160 190 33 76 
159 190 33 75 
159 190 33 76 
159 190 33 76 
159 190 33 75 
159 190 33 75 
160 189 33 75 
160 191 33 75 
160 191 33 75 
160 189 33 76 
160 189 33 76 
160 189 33 76 
161 189 33 76 
159 189 33 76 
161 189 34 77 
160 189 34 77 
160 190 34 77 
159 189 34 77 
160 189 34 78 
159 189 34 77 
159 189 34 77 
160 189 34 78 
160 189 34 78 
160 188 34 77 
161 189 34 77 
161 187 34 78 
161 188 34 77 
162 188 34 77 
163 187 34 77 
162 187 33 76 
162 187 33 76 
162 188 33 76 
163 188 33 76 
163 189 34 76 
164 190 34 77 
164 190 34 77 
165 190 34 77 
166 190 34 77 
166 190 34 77 
167 192 34 77 
168 191 34 78 
168 192 34 77 
168 191 34 77 
168 191 34 77 
168 191 34 77 
168 191 34 77 
166 190 33 76 
167 191 34 77 
166 189 34 77 
166 189 34 77 
168 190 33 76 
168 190 33 76 
167 190 34 77 
167 190 34 77 
169 191 34 77 
169 191 34 77 
169 191 34 77 
171 190 34 77 
171 189 34 78 
171 189 34 78 
171 190 34 78 
171 189 34 77 
171 191 34 78 
171 190 34 78 
169 190 34 78 
171 189 34 78 
171 189 34 78 
169 190 34 78 
169 189 35 79 
171 189 34 78 
169 190 34 78 
168 189 34 77 
169 188 34 78 
169 189 34 77 
168 189 34 78 
168 186 34 78 
167 187 34 78 
169 187 34 77 
169 187 34 77 
169 187 34 77 
168 187 34 77 
168 186 34 77 
167 188 34 77 
167 188 34 77 
168 186 34 77 
167 187 33 76 
165 186 33 76 
164 187 33 76 
164 187 33 75 
164 187 33 75 
165 188 33 76 
164 186 33 75 
164 186 33 75 
164 186 33 75 
164 186 33 75 
163 186 33 75 
163 186 33 75 
163 186 33 75 
163 187 33 76 
161 186 33 76 
161 186 33 76 
162 187 34 77 
160 186 34 77 
161 187 34 77 
161 187 33 76 
161 186 33 75 
160 187 33 75 
160 187 33 75 
160 187 33 75 
163 186 33 74 
162 187 33 75 
162 187 33 75 
162 186 33 75 
162 186 33 75 
162 186 33 76 
163 186 33 75 
162 185 33 74 
162 185 33 74 
162 185 33 75 
161 186 33 75 
162 185 33 76 
161 187 33 76 
162 187 33 76 
162 185 33 76 
162 186 33 75 
163 186 33 76 
163 186 33 76 
167 185 33 76 
167 184 33 76 
171 183 34 77 
172 184 33 76 
175 182 34 77 
179 182 33 76 
183 180 33 75 
185 180 33 76 
187 179 33 75 
189 179 33 75 
189 179 33 75 
190 176 33 76 
189 176 33 76 
188 175 33 76 
184 174 34 77 
183 174 34 77 
181 173 34 78 
174 173 34 77 
170 174 34 77 
165 172 34 79 
160 172 35 80 
155 171 35 79 
150 171 35 79 
146 171 35 79 
142 171 34 79 
137 172 34 79 
134 171 34 79 
132 173 35 79 
129 173 35 80 
127 175 35 79 
125 177 34 79 
125 179 34 78 
123 181 34 78 
123 181 34 78 
122 185 34 78 
124 187 34 77 
124 189 34 78 
124 190 34 78 
126 192 35 79 
126 194 35 79 
126 195 35 80 
129 197 35 80 
129 197 35 80 
130 198 35 81 
131 197 35 81 
131 199 35 80 
129 201 35 80 
129 201 35 80 
125 200 35 80 
125 200 35 80 
124 197 35 80 
124 197 35 80 
122 199 35 81 
121 198 35 80 
119 198 35 80 
116 197 36 82 
113 198 36 81 
108 198 35 81 
106 198 35 81 
101 197 36 81 
99 194 36 83 
96 193 36 82 
93 192 36 83 
90 194 36 83 
86 190 36 83 
83 191 37 84 
80 189 37 84 
79 188 37 84 
77 188 37 84 
74 186 37 84 
74 185 36 83 
73 183 36 83 
71 184 37 84 
71 182 37 83 
71 182 36 83 
70 182 36 82 
69 181 36 81 
69 181 36 81 
72 180 36 82 
75 181 36 82 
79 180 36 82 
83 180 36 82 
86 180 36 81 
90 181 35 81 
95 180 35 80 
102 180 35 79 
104 180 35 80 
112 180 35 81 
115 182 36 81 
121 181 36 81 
126 180 36 82 
132 181 36 82 
134 181 36 83 
140 181 36 83 
142 181 37 84 
146 181 37 84 
149 183 37 85 
152 183 38 86 
154 186 37 85 
158 187 37 85 
159 187 37 85 
161 188 37 84 
164 186 37 84 
165 188 36 83 
166 189 36 83 
167 188 36 83 
168 191 36 83 
170 191 36 83 
171 192 36 83 
171 192 36 83 
171 194 37 83 
170 195 37 83 
170 196 37 84 
169 198 37 84 
167 199 37 84 
167 199 37 84 
167 201 37 83 
167 203 37 83 
163 205 36 83 
161 205 36 83 
158 206 36 83 
153 207 36 82 
150 207 36 81 
147 207 36 81 
144 208 35 80 
140 209 35 81 
137 209 35 81 
136 206 35 81 
133 205 36 81 
129 206 36 82 
126 205 36 82 
120 205 36 82 
118 205 35 81 
114 203 36 81 
109 204 36 82 
106 204 35 81 
104 203 35 81 
100 202 36 81 
97 200 35 81 
94 199 36 82 
91 198 36 82 
86 197 36 82 
83 196 36 82 
82 194 36 82 
79 194 36 83 
80 192 37 84 
78 189 36 83 
78 188 37 83 
79 187 37 83 
80 184 36 83 
81 182 36 82 
81 182 36 82 
84 182 35 80 
89 180 35 80 
92 179 35 79 
94 179 35 79 
97 175 35 79 
104 176 35 79 
107 176 35 80 
114 173 35 80 
120 172 35 80 
125 172 36 82 
132 171 36 82 
137 170 36 82 
143 171 36 82 
150 170 36 83 
157 172 36 83 
162 171 36 83 
168 171 36 83 
175 172 37 83 
181 172 37 84 
188 171 37 84 
195 172 37 83 
201 173 36 83 
208 171 37 83 
214 171 36 82 
220 172 36 83 
226 173 36 82 
230 174 36 82 
234 173 36 82 
239 177 36 83 
243 177 36 82 
245 179 36 82 
248 179 36 82 
249 182 36 82 
249 182 36 81 
249 184 36 81 
247 186 35 80 
245 189 35 80 
241 189 35 80 
238 190 35 79 
233 191 35 80 
227 191 35 80 
222 192 35 80 
218 194 35 81 
212 195 36 82 
208 197 36 82 
199 197 35 81 
192 198 35 80 
187 200 34 78 
182 200 34 78 
176 201 34 78 
168 201 34 77 
162 200 33 76 
154 201 33 76 
148 201 33 76 
142 200 33 76 
136 199 33 76 
130 198 33 75 
125 195 33 75 
120 193 33 75 
114 191 33 75 
108 187 33 76 
107 183 33 76 
102 180 33 76 
99 175 33 75 
97 173 32 74 
97 168 32 74 
96 164 32 74 
100 160 33 74 
102 158 33 74 
107 154 33 74 
112 151 32 73 
116 147 32 74 
120 145 32 74 
126 142 33 74 
132 138 32 74 
138 136 32 73 
142 133 32 73 
147 131 32 73 
151 126 32 74 
156 123 32 74 
159 120 32 73 
164 118 32 72 
167 116 32 72 
168 112 32 72 
170 110 32 72 
171 106 31 71 
175 104 31 72 
172 101 32 74 
173 99 32 74 
173 95 32 74 
172 94 33 74 
170 91 33 74 
166 89 32 74 
162 88 33 75 
161 85 33 75 
157 86 33 74 
155 85 33 75 
153 87 33 74 
149 86 33 75 
145 88 33 74 
142 90 32 74 
142 91 32 74 
136 94 32 73 
132 96 32 73 
131 99 32 72 
129 103 31 71 
126 107 31 72 
124 111 32 73 
121 114 32 73 
120 118 32 73 
118 122 32 73 
116 126 32 73 
115 129 32 73 
114 134 32 73 
113 138 32 73 
112 142 32 74 
112 147 33 74 
112 150 32 74 
113 156 32 74 
114 160 32 73 
115 166 32 73 
115 169 32 73 
118 172 32 72 
119 175 32 73 
120 178 32 73 
122 179 32 74 
123 182 32 74 
125 183 32 74 
125 185 32 73 
127 187 32 74 
127 188 32 74 
128 191 32 74 
129 194 32 74 
130 193 32 73 
130 194 32 73 
132 195 32 73 
132 195 32 73 
133 197 32 74 
133 197 32 74 
133 197 32 74 
132 197 32 73 
131 198 32 73 
131 198 32 73 
134 199 32 72 
132 198 31 71 
132 198 31 71 
132 199 31 71 
132 199 31 71 
132 198 31 70 
134 196 31 70 
131 197 30 70 
130 196 31 70 
127 195 30 69 
127 195 30 69 
126 194 30 69 
126 194 30 69 
126 192 30 69 
125 190 31 70 
124 189 31 70 
122 188 31 71 
124 187 31 71 
123 187 32 72 
123 185 31 71 
120 183 31 72 
119 180 32 73 
119 179 32 74 
118 177 32 74 
118 176 32 73 
117 173 32 73 
116 168 32 73 
115 167 32 74 
116 163 32 73 
115 160 32 74 
115 159 32 74 
117 157 32 73 
121 156 32 74 
125 154 33 75 
125 152 33 74 
133 151 32 74 
140 153 33 74 
147 153 33 75 
155 156 33 75 
162 158 33 75 
170 162 33 75 
176 165 33 75 
186 164 33 75 
191 165 33 75 
198 164 33 74 
203 167 33 75 
209 170 33 75 
209 170 33 75 
211 173 33 75 
211 172 33 75 
215 176 33 76 
213 176 34 78 
213 179 34 77 
214 179 33 76 
211 180 34 77 
210 183 34 77 
208 185 34 77 
204 187 34 77 
202 189 34 78 
198 192 34 78 
195 196 34 78 
191 198 34 78 
188 200 34 78 
186 203 34 78 
182 205 34 77 
179 209 34 77 
176 209 33 76 
176 207 34 76 
172 211 33 76 
169 215 34 77 
167 218 34 77 
167 218 34 77 
166 217 34 77 
165 218 34 77 
163 221 33 76 
161 221 33 75 
157 220 33 75 
151 218 33 75 
147 216 33 75 
144 215 33 75 
140 218 33 74 
139 219 33 74 
139 219 33 74 
137 217 33 74 
137 217 33 74 
134 217 33 74 
136 218 32 72 
137 218 32 73 
140 217 32 73 
142 217 32 72 
146 217 32 73 
146 218 32 72 
148 219 32 72 
150 222 31 71 
153 223 31 71 
155 226 31 71 
158 226 32 72 
160 226 32 73 
163 227 31 72 
166 227 31 71 
168 227 31 71 
174 226 31 71 
178 224 31 71 
183 224 31 71 
187 225 31 72 
191 224 31 72 
195 224 32 72 
198 223 32 72 
201 220 32 72 
203 216 32 72 
205 212 32 72 
207 209 31 72 
208 207 31 71 
207 206 31 70 
206 205 31 70 
205 203 31 71 
204 201 31 71 
203 200 31 71 
203 200 31 71 
202 197 31 71 
200 197 31 72 
198 197 31 72 
195 197 32 72 
193 198 32 72 
187 198 32 72 
184 198 32 72 
180 198 31 72 
176 198 31 72 
172 200 32 73 
169 201 32 72 
165 203 32 73 
163 203 32 73 
163 206 32 73 
162 207 32 73 
163 210 32 73 
163 212 32 74 
164 216 32 74 
166 217 33 74 
166 220 33 76 
169 222 33 76 
170 224 33 75 
171 226 33 75 
174 225 33 74 
174 226 32 73 
178 226 32 73 
178 226 32 73 
180 226 32 72 
183 227 31 71 
185 226 31 70 
187 225 31 70 
189 226 31 70 
193 224 31 70 
196 223 31 70 
198 224 31 70 
202 221 31 70 
206 221 31 70 
208 221 31 71 
212 219 31 70 
216 219 31 71 
219 218 31 72 
220 215 31 72 
224 214 31 71 
226 213 32 73 
229 212 32 73 
231 211 32 74 
234 209 32 74 
239 205 32 73 
242 205 33 74 
242 203 33 75 
245 201 33 75 
245 202 33 76 
245 202 33 76 
246 201 33 76 
250 200 33 75 
249 199 33 76 
251 199 33 76 
251 197 33 75 
253 197 33 76 
255 195 33 76 
257 194 34 77 
258 192 34 77 
259 190 34 77 
261 190 33 76 
261 188 34 77 
263 187 34 77 
263 187 34 77 
264 184 34 77 
264 185 34 79 
263 183 35 79 
260 182 35 80 
259 181 35 80 
257 179 35 80 
253 179 35 80 
249 178 35 80 
246 176 34 78 
242 174 35 79 
240 174 35 80 
236 174 35 80 
230 171 35 79 
226 170 35 80 
221 168 35 80 
213 168 35 80 
209 167 35 80 
203 167 35 79 
198 168 35 79 
192 166 35 80 
186 166 35 81 
181 165 35 80 
178 165 36 81 
172 165 36 82 
166 164 35 81 
161 165 35 81 
158 165 35 80 
153 165 35 80 
149 164 35 81 
147 163 36 81 
143 163 35 81 
142 163 35 80 
138 164 35 80 
138 165 35 79 
136 166 35 79 
134 167 34 78 
133 168 34 77 
135 170 34 78 
135 171 34 78 
134 172 34 78 
136 173 34 78 
136 175 34 78 
139 177 34 78 
140 180 34 77 
144 181 33 76 
146 185 33 75 
148 188 33 75 
151 189 33 76 
153 193 34 77 
155 195 34 77 
158 198 33 76 
162 199 33 76 
166 201 33 75 
167 202 33 76 
168 203 33 75 
172 201 33 75 
173 200 33 75 
176 197 33 75 
179 196 33 76 
181 193 32 74 
185 191 33 75 
185 187 33 75 
189 184 33 74 
190 178 33 75 
193 175 33 74 
196 169 32 74 
196 164 32 73 
197 159 32 72 
198 153 32 72 
199 148 32 72 
200 144 32 72 
200 137 32 72 
200 132 32 73 
200 125 32 73 
199 119 32 72 
198 115 31 72 
197 108 31 71 
193 104 31 72 
192 99 31 71 
189 96 31 71 
187 93 31 70 
185 89 31 71 
180 88 31 72 
176 87 31 71 
172 85 32 72 
168 87 32 73 
163 88 32 73 
158 89 32 73 
154 91 32 73 
149 92 32 73 
144 95 32 73 
141 97 32 72 
134 98 32 74 
130 102 32 73 
127 106 33 74 
125 109 33 75 
123 113 33 74 
122 117 32 73 
121 124 32 73 
120 128 32 72 
120 133 32 72 
121 139 31 71 
121 144 31 72 
121 150 31 71 
121 157 31 70 
122 162 31 71 
123 168 31 72 
123 173 31 71 
127 177 31 71 
125 181 32 72 
130 185 31 72 
130 189 32 72 
134 191 32 72 
137 197 32 73 
138 200 32 73 
142 204 32 73 
145 208 32 73 
150 212 32 73 
154 213 32 73 
157 217 32 73 
161 219 32 73 
165 221 32 73 
168 223 32 72 
172 225 32 72 
176 225 32 72 
181 224 31 71 
185 224 31 71 
188 223 31 72 
193 222 31 72 
196 220 32 72 
201 220 32 72 
203 218 32 72 
206 216 32 74 
206 214 33 74 
212 212 32 73 
212 210 32 73 
212 204 32 73 
213 201 32 73 
214 197 32 73 
214 196 32 73 
214 193 32 73 
215 190 32 73 
213 187 32 73 
214 182 32 73 
215 176 32 72 
215 173 32 72 
216 168 31 71 
215 164 31 72 
212 160 31 71 
211 157 31 72 
210 154 31 71 
205 151 31 71 
202 147 31 71 
199 145 31 71 
196 144 31 71 
192 144 32 72 
188 145 32 73 
186 147 32 73 
183 151 32 72 
182 157 32 73 
181 162 33 74 
179 168 33 75 
176 174 33 76 
175 178 34 77 
174 179 34 77 
173 176 33 76 
175 171 33 76 
176 165 33 76 
177 157 33 75 
175 150 33 75 
173 144 33 75 
174 140 33 76 
172 139 34 78 
168 138 34 78 
167 141 34 77 
161 146 34 78 
159 151 34 78 
156 157 34 77 
154 161 34 77 
153 165 34 77 
152 168 34 77 
151 170 34 77 
153 170 33 76 
153 167 33 76 
152 164 34 77 
151 158 35 79 
153 152 34 79 
152 145 35 79 
152 142 34 78 
151 139 34 78 
149 136 34 78 
149 135 34 78 
148 136 34 78 
150 140 35 79 
150 144 35 80 
149 150 35 81 
151 157 35 80 
156 162 35 80 
158 167 35 80 
160 171 35 81 
165 172 35 81 
167 171 36 81 
173 167 36 81 
177 161 36 82 
181 154 37 83 
184 146 36 83 
187 137 36 83 
188 129 37 83 
192 122 36 83 
190 117 36 83 
190 114 37 85 
189 113 37 85 
189 113 37 85 
187 117 37 85 
187 122 38 86 
185 130 38 86 
187 135 38 86 
188 141 38 86 
189 145 38 86 
188 148 38 86 
191 149 38 87 
194 147 38 87 
193 142 38 87 
197 137 38 88 
197 130 38 87 
198 123 38 87 
197 118 38 88 
195 114 39 88 
192 115 38 87 
190 117 39 88 
189 122 39 89 
190 130 40 91 
186 140 40 90 
187 150 40 90 
188 158 40 91 
188 165 40 92 
188 167 40 91 
193 169 40 90 
193 164 40 91 
195 158 40 91 
197 151 40 91 
198 143 40 90 
198 136 39 90 
195 128 40 91 
191 123 40 91 
190 119 40 92 
185 117 41 94 
182 117 41 93 
181 120 41 93 
178 125 41 93 
178 131 41 93 
180 139 41 93 
181 145 41 93 
181 150 41 94 
180 153 41 94 
181 156 42 95 
185 159 42 96 
188 161 42 96 
189 162 42 96 
192 163 42 95 
199 161 41 95 
199 160 41 94 
209 157 41 94 
215 152 41 93 
222 149 40 92 
232 143 40 92 
241 139 40 92 
249 133 40 92 
255 131 40 92 
264 129 40 91 
266 130 40 91 
269 130 39 90 
272 132 39 90 
271 132 39 90 
269 137 39 90 
266 139 39 89 
258 141 39 89 
253 145 39 89 
247 149 39 89 
241 152 39 90 
233 155 39 89 
224 159 39 89 
218 164 39 88 
209 167 38 88 
200 172 38 87 
195 174 38 88 
190 180 39 88 
185 185 39 88 
181 189 39 88 
177 193 39 88 
174 196 39 88 
174 200 38 87 
174 203 38 87 
173 206 38 87 
174 209 38 86 
177 212 38 86 
179 212 38 86 
183 213 37 85 
185 213 37 85 
189 213 37 84 
191 212 37 85 
194 210 37 84 
198 209 37 84 
201 206 37 85 
204 204 37 85 
206 201 37 85 
210 197 38 86 
213 194 37 85 
213 190 38 86 
213 186 38 86 
215 182 37 85 
213 177 37 85 
211 174 37 85 
209 169 37 85 
207 165 37 85 
203 160 37 84 
199 156 37 84 
196 153 36 83 
191 150 37 83 
188 148 37 84 
183 148 37 83 
180 147 37 84 
176 147 37 83 
174 147 37 83 
172 149 36 83 
171 149 37 83 
170 151 36 82 
170 153 36 82 
170 154 36 82 
168 155 36 81 
170 158 35 81 
172 159 35 80 
173 161 35 80 
176 162 36 81 
177 165 35 81 
180 165 35 80 
183 167 35 80 
186 167 35 80 
191 169 35 80 
194 169 35 79 
200 171 35 80 
205 170 35 79 
211 171 35 80 
216 170 35 79 
222 171 35 80 
228 170 35 80 
233 169 35 80 
238 169 35 81 
243 169 35 80 
248 170 35 80 
253 168 35 79 
257 169 35 80 
259 169 35 79 
260 167 34 78 
261 166 34 78 
261 166 34 78 
259 167 34 79 
257 167 35 79 
254 166 34 79 
252 168 34 78 
248 166 34 78 
241 166 34 78 
236 166 34 77 
231 166 33 76 
224 166 33 76 
220 166 33 76 
212 166 34 77 
207 165 34 77 
201 166 34 77 
195 166 34 77 
189 166 33 76 
183 168 33 76 
176 169 33 76 
171 168 34 77 
164 170 34 77 
161 171 34 77 
156 173 35 79 
151 174 35 79 
146 176 35 79 
143 179 35 79 
140 180 35 80 
135 182 35 79 
134 183 35 79 
129 185 35 79 
128 187 34 78 
127 189 34 78 
126 191 34 79 
126 193 35 79 
126 195 34 79 
127 195 34 79 
131 197 34 78 
133 199 34 77 
135 200 34 77 
138 200 33 76 
142 203 34 77 
146 205 33 76 
150 205 33 76 
155 206 33 76 
159 210 34 77 
165 212 34 77 
170 213 34 77 
176 213 34 77 
180 214 34 77 
185 213 34 77 
191 212 33 76 
196 212 33 75 
201 212 33 76 
204 212 33 75 
210 210 33 75 
214 209 33 75 
222 209 32 74 
229 208 32 73 
233 207 32 73 
240 204 32 73 
244 203 32 73 
250 202 32 74 
256 201 32 73 
262 199 32 74 
267 198 32 74 
273 196 32 73 
275 196 32 72 
281 193 32 74 
283 193 33 74 
285 190 33 75 
289 188 33 76 
293 187 33 75 
293 185 33 76 
294 183 33 75 
294 181 33 75 
296 180 34 76 
295 177 34 77 
294 176 33 76 
295 175 33 76 
292 174 33 75 
289 172 33 75 
284 171 33 75 
280 170 33 76 
277 169 34 77 
272 168 33 75 
270 169 33 75 
265 169 33 76 
261 169 33 76 
257 169 33 76 
250 169 33 74 
247 169 32 74 
243 169 32 73 
236 170 32 73 
232 169 32 73 
224 171 32 74 
219 171 32 74 
214 171 32 74 
208 171 32 73 
202 172 32 73 
197 172 32 74 
192 170 32 74 
186 173 33 75 
182 173 33 76 
177 173 34 76 
173 175 34 77 
170 177 34 77 
166 177 34 77 
162 179 34 77 
160 179 34 78 
156 181 34 78 
153 182 34 78 
151 184 34 77 
151 187 34 77 
150 187 34 78 
147 189 34 78 
147 191 34 77 
146 194 34 77 
147 196 34 78 
147 199 34 77 
148 201 34 78 
149 201 34 78 
149 204 34 78 
152 206 34 77 
155 207 34 78 
159 209 34 77 
162 209 34 77 
166 209 34 78 
172 208 34 77 
176 209 33 76 
182 209 33 75 
185 209 32 74 
188 208 32 73 
193 209 32 73 
196 208 31 72 
198 208 31 71 
201 207 31 72 
204 206 31 72 
208 205 31 71 
210 202 31 71 
212 201 31 71 
215 199 32 72 
217 196 32 72 
219 193 32 72 
222 190 32 73 
224 188 32 74 
226 184 32 74 
227 182 32 72 
230 178 31 72 
231 173 31 71 
231 169 31 72 
232 163 31 71 
232 159 32 72 
233 155 31 72 
232 149 31 72 
231 143 31 71 
231 140 31 71 
230 135 31 71 
228 132 31 71 
227 126 31 70 
224 121 31 71 
222 117 31 71 
218 112 32 72 
215 109 31 71 
212 107 32 72 
206 104 32 72 
200 102 31 72 
197 102 32 72 
190 103 32 73 
183 103 33 75 
178 106 33 76 
173 108 33 76 
166 112 33 76 
162 116 33 76 
157 122 34 77 
152 126 34 77 
143 134 33 76 
140 141 34 77 
135 146 34 78 
132 151 34 78 
131 157 34 78 
128 163 35 79 
125 169 35 80 
124 174 35 80 
124 180 36 81 
124 186 36 81 
125 190 36 81 
127 193 35 81 
128 196 35 80 
132 199 35 80 
135 202 35 80 
139 205 35 80 
141 206 35 80 
143 208 35 79 
149 211 35 80 
150 211 35 80 
154 213 35 79 
158 214 35 80 
160 215 35 79 
163 216 34 78 
166 217 34 78 
170 218 34 78 
174 218 34 78 
178 220 34 77 
181 219 34 77 
182 221 34 78 
184 221 34 78 
185 222 34 78 
187 222 35 79 
187 222 35 79 
187 222 35 79 
187 219 35 80 
186 220 35 79 
187 219 35 79 
187 217 35 80 
185 213 35 80 
186 211 35 80 
185 210 35 81 
185 205 36 81 
186 200 35 81 
185 196 36 81 
185 190 36 81 
186 187 36 82 
185 181 36 82 
186 176 36 81 
188 171 36 81 
189 165 36 81 
188 160 36 81 
189 156 36 82 
189 152 36 83 
190 148 36 81 
191 144 35 81 
191 142 36 82 
192 139 36 82 
191 136 36 82 
194 135 35 81 
193 133 35 81 
193 133 35 81 
194 133 36 81 
196 134 35 80 
194 135 35 80 
194 135 35 80 
195 137 35 81 
195 138 35 81 
194 139 35 81 
193 141 35 80 
193 141 35 80 
191 143 35 80 
190 144 36 81 
190 146 35 81 
189 147 36 81 
188 151 36 83 
186 153 36 82 
186 155 36 82 
185 156 36 81 
185 159 36 82 
183 162 36 82 
182 164 36 81 
181 167 35 81 
180 169 35 81 
180 172 35 79 
181 173 35 79 
179 176 34 79 
179 179 34 78 
179 182 34 78 
180 184 34 78 
179 186 34 78 
180 188 34 78 
180 191 34 77 
181 193 34 77 
181 196 34 77 
181 198 34 79 
182 200 34 78 
185 201 34 78 
185 202 34 79 
186 202 35 79 
186 202 35 79 
188 202 34 78 
188 202 34 78 
191 201 34 79 
191 200 34 78 
194 200 35 79 
195 199 35 79 
197 198 35 79 
200 197 35 80 
203 195 35 80 
206 193 35 81 
209 192 36 82 
212 190 35 81 
215 188 35 80 
220 185 35 80 
223 183 35 81 
227 183 36 82 
231 181 36 82 
234 181 36 81 
236 180 35 81 
238 178 35 80 
242 178 35 80 
245 177 36 81 
249 177 36 81 
252 178 36 83 
255 177 36 82 
258 177 36 82 
258 175 36 81 
262 176 35 81 
263 175 36 82 
266 176 36 82 
267 173 36 82 
267 173 36 82 
268 174 36 81 
266 173 36 82 
264 174 36 82 
264 174 36 81 
262 175 35 80 
260 175 35 80 
257 176 35 80 
256 175 35 80 
252 175 35 81 
251 175 36 81 
248 175 35 80 
248 175 35 80 
245 178 35 80 
241 179 35 81 
238 179 35 80 
235 182 36 81 
230 182 35 81 
228 183 35 79 
222 184 35 79 
218 184 35 79 
215 186 35 80 
211 186 35 79 
206 187 34 78 
202 187 34 77 
200 187 34 77 
196 188 34 77 
194 189 34 77 
190 189 34 77 
188 192 34 77 
185 191 34 77 
182 190 34 78 
180 191 34 77 
178 191 34 77 
175 191 34 78 
172 191 34 79 
169 190 34 79 
166 191 35 79 
162 190 35 79 
160 189 35 79 
159 190 35 79 
158 191 35 80 
157 190 35 80 
156 189 35 79 
155 189 35 79 
153 190 35 79 
151 190 35 79 
151 190 35 79 
149 190 35 79 
148 190 34 79 
148 190 34 78 
147 188 34 78 
147 188 34 79 
149 187 34 78 
153 186 34 78 
155 185 34 78 
158 185 34 78 
160 184 34 78 
163 183 34 78 
169 183 34 78 
172 185 34 77 
180 183 34 77 
186 183 34 77 
190 181 34 77 
195 181 34 78 
202 178 34 77 
204 178 34 77 
208 178 34 78 
214 176 35 79 
218 174 34 78 
223 174 34 78 
228 172 34 77 
235 171 34 77 
237 171 34 77 
244 170 34 77 
248 170 34 77 
255 169 34 78 
257 169 34 77 
264 169 33 76 
267 170 33 76 
271 170 33 75 
273 171 33 75 
276 171 33 75 
278 172 33 75 
282 173 33 74 
284 172 32 74 
286 172 32 73 
287 171 32 73 
288 169 32 73 
286 167 32 74 
283 164 33 74 
279 162 33 75 
277 160 33 75 
270 158 33 75 
266 158 32 74 
260 157 33 74 
256 157 32 74 
249 156 32 74 
243 156 32 74 
236 157 32 74 
231 156 32 74 
224 157 32 74 
215 156 32 73 
211 157 32 73 
203 157 32 73 
195 159 32 74 
191 159 32 73 
183 159 31 72 
178 160 32 72 
173 161 32 73 
168 161 33 74 
162 163 32 74 
156 163 32 74 
152 165 33 75 
145 165 33 75 
141 167 33 75 
137 167 33 74 
132 167 32 74 
129 168 32 73 
127 168 32 73 
124 169 32 73 
123 169 32 72 
123 171 32 72 
122 172 31 72 
122 172 31 72 
124 174 32 72 
128 175 32 72 
131 177 31 71 
133 177 31 71 
137 179 31 71 
139 180 31 71 
139 182 31 71 
142 185 31 71 
142 187 31 70 
141 190 30 69 
139 191 31 70 
138 192 31 70 
135 194 31 70 
132 195 31 70 
127 196 31 71 
125 197 30 69 
123 198 31 70 
119 197 30 70 
118 197 30 69 
119 197 30 68 
119 197 30 68 
120 197 30 69 
121 198 31 70 
123 199 30 69 
125 200 31 70 
130 200 31 70 
132 204 31 71 
139 205 31 70 
143 207 31 70 
151 209 31 70 
156 210 30 69 
161 211 30 68 
167 212 30 68 
172 213 29 66 
178 215 29 66 
185 216 29 66 
191 217 29 67 
196 216 29 66 
202 215 29 67 
209 214 29 66 
214 211 29 66 
218 210 29 66 
224 209 29 66 
228 207 29 67 
235 204 29 67 
238 202 29 66 
243 199 29 66 
248 196 29 65 
252 193 28 64 
257 189 28 64 
263 187 28 64 
264 184 28 64 
269 181 28 64 
271 178 28 65 
273 176 28 65 
273 172 29 65 
274 170 29 65 
270 167 29 65 
267 166 28 65 
264 163 29 66 
263 161 29 66 
259 159 29 66 
255 157 29 66 
252 156 29 65 
248 155 28 65 
241 155 29 65 
237 156 29 66 
231 156 28 65 
224 158 28 64 
216 159 28 63 
212 161 28 63 
205 162 28 64 
201 165 28 63 
196 168 28 63 
193 170 27 63 
190 174 28 63 
188 177 28 63 
188 180 28 63 
188 184 27 62 
189 189 27 62 
189 191 27 61 
191 196 27 61 
192 199 26 60 
195 203 26 60 
198 205 27 61 
204 209 27 62 
207 211 27 62 
208 211 28 64 
213 211 28 63 
214 213 28 64 
218 213 28 64 
218 211 28 65 
219 209 29 65 
220 205 29 66 
224 202 29 65 
224 197 29 66 
224 192 29 66 
224 186 29 66 
223 182 29 66 
223 177 28 65 
222 172 28 64 
223 166 28 65 
223 162 28 65 
222 157 29 66 
222 151 28 65 
220 147 29 65 
219 143 29 65 
216 138 29 66 
215 134 29 66 
213 131 29 66 
210 127 29 66 
208 124 29 65 
201 121 28 65 
196 118 28 65 
189 116 29 66 
185 116 29 67 
177 113 29 66 
171 112 29 67 
164 112 30 68 
157 112 30 68 
150 112 30 68 
145 112 30 69 
137 113 30 70 
132 115 30 69 
126 115 31 70 
118 117 31 70 
112 119 31 70 
106 121 31 70 
100 125 31 71 
94 127 32 72 
90 130 32 72 
86 134 32 73 
81 139 32 72 
80 143 31 72 
79 146 31 71 
81 150 30 69 
82 154 30 68 
82 158 30 68 
88 161 30 69 
94 166 30 69 
100 170 30 69 
107 175 30 69 
116 178 30 69 
123 182 30 68 
133 187 30 68 
145 188 30 68 
155 192 29 67 
165 193 29 66 
178 196 29 67 
188 197 30 68 
197 201 30 68 
210 202 30 68 
221 203 30 68 
231 204 30 67 
239 207 29 67 
248 208 29 67 
257 208 29 67 
263 208 29 67 
266 208 30 67 
269 207 29 67 
269 206 30 68 
266 206 30 68 
263 206 30 69 
259 205 30 69 
254 203 30 69 
248 203 30 68 
242 202 29 67 
235 199 29 67 
227 199 29 67 
222 199 29 67 
214 197 29 66 
204 197 29 66 
198 196 29 66 
190 195 29 66 
185 196 29 65 
179 196 29 66 
173 197 29 65 
170 199 29 66 
168 200 29 65 
163 205 29 66 
160 209 29 67 
161 213 30 67 
160 218 30 67 
163 223 30 68 
166 228 29 67 
171 233 30 68 
175 236 30 68 
180 241 30 69 
185 244 31 70 
191 247 31 70 
197 250 31 71 
204 250 31 70 
210 252 31 71 
218 251 31 71 
224 248 31 70 
230 245 31 71 
236 243 31 71 
242 240 31 71 
249 237 31 72 
254 233 31 70 
257 232 31 71 
263 228 31 70 
266 224 31 71 
267 219 31 71 
271 217 31 71 
270 213 31 71 
272 209 31 72 
274 206 31 71 
274 201 31 71 
274 197 31 70 
273 194 31 70 
272 190 31 70 
272 187 31 71 
273 183 31 71 
272 179 32 72 
271 175 32 72 
269 172 32 72 
269 169 32 73 
267 165 32 73 
264 162 32 73 
261 158 32 74 
257 156 32 73 
252 153 32 74 
250 152 32 72 
246 149 32 72 
241 146 32 73 
234 146 31 71 
231 144 31 71 
225 142 31 71 
220 142 31 71 
214 142 31 71 
209 141 31 72 
205 141 31 72 
202 141 32 72 
198 143 32 73 
192 145 32 72 
187 148 32 72 
184 149 31 72 
180 152 31 72 
180 155 32 73 
178 161 32 73 
177 163 31 72 
177 168 32 72 
175 171 32 73 
174 175 32 73 
175 178 32 73 
172 182 32 72 
173 184 32 73 
172 187 32 73 
172 190 32 72 
173 191 32 72 
172 193 31 72 
172 196 31 71 
172 198 31 71 
172 201 31 71 
175 204 31 72 
173 209 31 72 
175 213 31 71 
177 218 32 72 
182 220 32 72 
185 227 32 73 
186 231 32 73 
191 233 32 73 
194 237 32 74 
200 237 32 74 
203 238 32 74 
208 239 32 74 
213 240 32 73 
217 239 32 73 
223 235 32 72 
227 231 31 71 
230 227 31 72 
232 222 32 73 
231 215 32 73 
232 207 32 72 
230 199 32 73 
230 191 32 73 
227 184 33 74 
224 176 33 74 
222 170 32 74 
217 164 32 74 
211 160 32 73 
205 155 32 74 
199 151 32 74 
194 148 32 74 
187 148 32 73 
178 146 32 73 
173 147 32 74 
163 146 33 75 
157 149 33 75 
149 150 33 74 
141 152 32 74 
136 156 33 74 
129 159 32 74 
125 161 32 73 
120 164 32 73 
118 168 32 73 
115 172 32 73 
113 175 32 74 
113 177 32 73 
114 180 32 74 
114 182 33 74 
114 185 33 74 
118 187 32 74 
119 189 32 74 
122 192 33 75 
126 191 33 75 
129 193 33 74 
136 195 33 76 
139 197 33 76 
144 197 33 75 
149 199 33 75 
155 199 33 75 
159 201 33 75 
163 200 33 75 
169 201 33 75 
176 201 33 75 
184 203 33 75 
189 205 33 75 
196 205 33 75 
204 208 33 74 
209 209 32 74 
216 211 33 74 
224 209 33 75 
230 207 33 75 
234 207 32 74 
239 207 33 75 
245 207 33 75 
250 206 33 75 
253 204 33 74 
258 202 33 75 
260 203 33 75 
260 201 33 75 
263 199 33 75 
263 197 33 76 
263 197 33 76 
267 195 33 75 
267 195 33 75 
269 193 33 75 
266 192 33 76 
267 190 33 76 
268 189 34 77 
268 187 33 76 
266 186 33 75 
264 184 32 74 
266 183 32 74 
265 182 32 74 
265 181 32 74 
265 181 33 74 
262 180 32 73 
261 179 32 73 
259 178 33 75 
255 175 33 74 
254 176 33 75 
249 174 33 76 
246 173 34 77 
242 172 34 77 
236 172 34 77 
233 172 34 78 
229 172 34 78 
226 170 34 78 
222 169 34 78 
216 169 34 77 
213 169 34 78 
208 169 34 77 
202 170 34 77 
197 169 34 78 
193 171 34 78 
188 171 34 77 
184 171 34 77 
177 173 34 77 
174 173 34 77 
169 174 33 76 
165 176 34 77 
162 177 34 77 
161 179 34 78 
157 180 34 78 
153 181 34 78 
152 182 34 78 
150 183 34 78 
148 185 34 77 
148 187 33 76 
146 192 33 76 
146 195 34 77 
146 200 33 76 
148 204 33 76 
149 210 33 76 
152 213 33 76 
155 217 33 75 
158 220 33 76 
160 223 33 75 
165 224 33 74 
168 226 33 74 
172 226 33 74 
175 226 32 73 
180 224 32 73 
184 222 31 72 
189 221 31 71 
194 218 31 71 
198 215 31 70 
204 210 31 71 
207 206 32 72 
211 200 32 72 
215 197 31 71 
218 192 31 71 
219 187 31 71 
219 184 31 70 
220 180 31 71 
220 175 31 70 
217 172 31 70 
218 167 30 69 
217 166 30 69 
214 162 30 69 
211 159 30 69 
205 159 30 69 
199 158 30 69 
193 159 30 69 
187 160 30 69 
177 161 31 70 
169 160 30 69 
160 160 31 70 
154 159 31 70 
144 160 31 70 
136 161 30 69 
131 161 30 69 
121 160 30 68 
115 160 30 68 
109 160 30 68 
104 159 30 69 
99 158 30 69 
93 157 30 69 
90 156 31 70 
86 154 30 70 
87 153 31 70 
87 151 31 70 
90 150 31 70 
91 149 30 69 
95 148 30 69 
101 148 31 70 
107 146 30 69 
114 146 30 69 
121 146 31 70 
129 147 31 70 
140 147 31 71 
151 148 31 72 
162 151 31 71 
173 153 31 72 
184 154 32 72 
195 157 31 72 
207 160 31 71 
215 162 32 72 
221 165 32 72 
227 168 32 72 
229 172 32 73 
231 176 32 73 
230 179 32 73 
227 182 32 73 
224 185 32 74 
218 188 32 73 
212 189 32 72 
208 191 32 72 
200 190 32 73 
193 191 32 72 
188 189 32 73 
178 185 32 74 
173 185 33 74 
168 181 32 74 
163 179 33 75 
157 175 33 75 
150 173 33 76 
147 167 33 76 
146 163 33 76 
143 160 34 77 
142 155 33 76 
143 152 34 77 
143 148 34 77 
143 146 34 77 
145 142 34 78 
145 142 34 77 
143 138 34 78 
148 134 34 78 
146 132 34 78 
148 131 34 78 
155 127 34 78 
158 126 34 77 
163 124 34 78 
167 123 34 78 
171 123 35 79 
178 123 34 78 
183 124 35 79 
190 126 34 79 
199 126 35 79 
208 126 35 80 
213 130 35 81 
222 132 35 80 
229 135 35 80 
237 136 35 80 
245 141 34 79 
247 143 34 79 
252 147 34 78 
257 151 34 78 
259 155 35 79 
261 158 34 78 
261 161 34 78 
258 165 34 77 
254 166 34 77 
250 169 34 77 
246 172 34 78 
240 175 34 78 
234 178 34 77 
224 179 34 76 
218 180 33 76 
209 181 33 76 
201 182 33 75 
195 184 33 75 
185 184 33 75 
179 186 34 77 
172 187 34 77 
162 187 33 76 
156 188 33 74 
151 188 33 74 
146 189 33 74 
139 189 33 74 
134 189 32 74 
129 189 32 73 
125 188 32 74 
126 187 32 74 
121 187 33 74 
121 187 33 74 
122 186 33 74 
124 187 32 74 
125 187 33 74 
128 188 32 73 
131 189 32 74 
137 189 32 73 
142 190 32 74 
144 189 32 73 
152 190 32 73 
156 190 32 73 
164 188 32 73 
171 188 32 73 
176 187 32 73 
182 187 32 73 
187 185 32 73 
192 185 32 74 
200 183 32 73 
206 182 32 72 
212 180 32 73 
218 180 32 73 
222 177 32 72 
228 175 32 73 
231 174 32 72 
233 173 31 71 
236 171 31 71 
238 169 31 71 
240 168 31 71 
238 166 31 72 
238 165 31 71 
238 163 31 72 
236 161 31 70 
236 159 31 70 
233 157 30 69 
233 157 30 69 
230 155 30 69 
224 153 31 70 
220 150 30 68 
216 151 30 67 
212 149 30 68 
209 148 30 68 
202 147 30 68 
197 146 29 67 
190 146 30 68 
186 147 30 69 
179 147 30 69 
172 147 30 69 
165 149 30 68 
159 150 30 67 
154 150 30 68 
150 152 30 67 
145 153 30 68 
141 156 29 67 
135 156 30 67 
130 159 29 67 
127 161 29 66 
121 161 29 67 
120 165 30 68 
117 166 30 68 
115 170 30 68 
115 171 30 68 
114 173 30 69 
115 176 30 69 
116 180 30 69 
117 182 30 70 
119 184 31 70 
124 186 30 69 
127 188 30 69 
132 191 30 69 
136 192 30 69 
139 193 30 69 
145 195 30 69 
150 196 30 68 
154 196 30 68 
158 197 30 68 
165 196 30 68 
171 197 30 69 
176 197 30 69 
183 196 30 68 
190 195 29 66 
196 195 29 66 
202 195 29 67 
208 193 29 66 
215 192 29 67 
220 192 29 67 
228 192 29 67 
233 190 29 66 
239 189 29 67 
244 190 30 68 
252 189 29 67 
256 188 30 67 
259 186 29 67 
263 185 30 67 
268 184 30 68 
270 182 30 68 
272 181 30 69 
273 178 30 69 
273 176 30 69 
272 173 30 69 
273 171 30 69 
271 168 30 68 
268 167 30 69 
267 164 30 69 
263 163 30 68 
260 161 30 67 
256 158 29 67 
253 157 29 66 
247 156 29 67 
242 155 29 67 
237 153 30 68 
230 153 29 67 
223 151 29 67 
216 151 29 66 
210 151 29 67 
202 149 29 67 
197 149 29 66 
192 149 29 66 
184 151 30 68 
178 152 30 68 
173 152 30 68 
167 155 30 68 
162 157 30 68 
157 159 30 68 
153 162 30 67 
148 164 30 68 
145 165 30 68 
144 168 30 68 
140 170 30 67 
139 171 30 68 
139 176 30 69 
140 177 30 68 
142 180 30 69 
142 181 31 70 
145 183 31 70 
147 184 31 70 
150 186 31 70 
152 187 31 70 
155 187 31 70 
158 187 31 70 
159 186 30 69 
162 185 31 70 
165 184 30 69 
169 183 31 70 
172 182 31 70 
177 179 31 70 
182 177 31 70 
187 175 31 71 
192 173 31 71 
198 169 31 71 
202 164 31 71 
207 161 30 69 
211 156 30 69 
214 150 30 69 
219 147 30 68 
223 142 30 69 
227 139 30 68 
231 133 30 68 
234 128 30 68 
236 123 30 68 
239 117 30 68 
243 111 30 69 
244 106 30 68 
244 100 30 67 
246 96 29 67 
244 90 29 67 
245 85 30 68 
241 81 29 66 
240 78 29 67 
236 76 29 66 
233 74 29 67 
230 73 30 68 
224 75 30 68 
220 76 30 68 
212 80 30 68 
206 80 30 68 
199 83 30 68 
193 88 30 68 
188 92 30 68 
179 98 29 67 
172 102 30 68 
166 105 30 68 
161 110 30 68 
156 115 30 67 
151 119 30 68 
147 124 30 68 
141 128 30 69 
136 133 30 68 
133 138 30 68 
129 143 30 68 
125 149 29 67 
120 155 29 67 
119 160 30 68 
113 166 30 69 
111 173 31 70 
109 179 30 69 
106 183 30 70 
106 189 30 69 
106 193 31 70 
107 197 31 71 
108 203 32 72 
112 208 32 72 
116 210 32 72 
122 211 31 72 
125 213 31 71 
131 215 31 71 
135 216 31 70 
142 215 31 70 
145 216 30 69 
152 215 31 70 
156 216 31 70 
160 216 31 70 
167 214 31 70 
170 215 31 70 
175 215 31 70 
181 212 31 70 
185 211 31 70 
190 209 31 70 
194 209 31 70 
199 206 31 70 
202 205 30 69 
205 203 30 69 
208 200 30 68 
211 199 30 68 
214 197 30 68 
214 197 30 68 
215 194 30 69 
216 192 30 69 
216 189 30 69 
213 187 30 69 
211 186 31 71 
209 183 32 73 
205 183 32 73 
199 181 31 71 
194 180 31 71 
190 178 31 72 
184 176 32 72 
176 175 32 73 
172 174 32 72 
165 174 31 71 
158 174 31 70 
152 174 31 71 
144 175 31 71 
141 175 31 71 
134 176 31 71 
131 176 31 70 
127 176 30 69 
122 176 30 69 
117 178 30 69 
114 178 30 68 
111 181 30 68 
107 181 30 68 
103 183 30 68 
100 184 30 68 
97 184 30 68 
96 186 30 68 
93 189 30 68 
91 191 30 68 
91 192 30 68 
91 193 30 68 
91 196 30 68 
89 197 29 67 
92 199 30 68 
92 199 30 68 
95 202 30 68 
97 204 30 68 
100 204 29 67 
102 205 29 67 
106 207 29 66 
110 208 29 67 
114 209 29 66 
121 209 30 68 
127 211 30 68 
133 210 29 67 
139 210 29 67 
143 210 30 67 
149 209 29 67 
158 209 29 67 
163 209 29 66 
168 207 29 66 
175 207 29 67 
181 207 29 67 
188 207 29 67 
195 208 29 66 
203 207 29 67 
208 208 30 68 
216 208 30 68 
221 210 29 67 
227 210 29 67 
232 209 29 67 
237 209 30 68 
243 209 29 67 
247 207 29 66 
254 206 29 66 
261 205 29 66 
265 203 29 65 
271 200 28 65 
275 198 29 65 
281 195 29 65 
285 191 29 66 
289 189 29 66 
292 186 29 65 
296 183 29 65 
296 180 29 67 
298 177 29 66 
300 174 29 66 
299 171 29 66 
299 167 29 66 
298 165 29 67 
296 163 29 66 
293 161 29 67 
292 159 30 68 
288 159 30 69 
283 155 30 69 
279 153 30 69 
276 152 30 69 
272 150 30 69 
266 151 31 70 
261 148 31 71 
255 148 31 71 
248 148 31 71 
243 147 31 71 
235 148 31 71 
226 149 31 71 
218 151 31 71 
208 154 31 72 
199 156 31 72 
192 158 31 71 
183 160 31 71 
174 162 31 71 
165 167 31 71 
160 170 31 70 
155 173 31 70 
146 177 30 69 
142 181 30 69 
135 185 30 69 
131 189 30 68 
129 194 30 69 
129 198 30 69 
128 202 30 70 
131 205 30 69 
132 208 31 71 
138 210 31 70 
143 213 31 70 
151 216 31 70 
158 216 31 70 
167 216 31 70 
175 217 31 70 
184 217 31 71 
194 215 31 71 
202 212 31 70 
212 210 31 70 
223 206 30 69 
232 204 30 69 
243 201 30 69 
255 197 30 68 
264 195 30 69 
273 192 31 70 
284 191 31 71 
293 189 31 70 
302 188 31 71 
312 186 31 70 
318 184 31 71 
325 184 31 71 
332 182 31 71 
343 183 31 71 
349 182 31 71 
354 181 31 71 
363 181 31 71 
369 179 32 72 
375 179 31 72 
382 179 32 73 
384 178 32 73 
384 177 32 73 
384 175 32 73 
384 174 32 74 
384 174 33 75 
383 173 33 75 
383 172 33 76 
379 172 33 75 
377 171 33 75 
371 170 33 75 
364 172 33 75 
361 171 33 75 
352 172 33 76 
344 171 34 77 
335 172 33 75 
329 172 33 74 
319 172 32 74 
310 174 32 74 
301 175 32 74 
292 176 32 73 
284 177 32 74 
273 177 33 75 
265 176 33 75 
257 178 33 75 
248 179 32 74 
237 180 32 74 
231 181 33 74 
222 182 33 75 
216 182 33 76 
208 184 33 76 
204 184 34 77 
199 186 33 76 
192 187 34 77 
183 190 34 77 
180 193 34 77 
175 194 33 76 
170 198 34 77 
166 202 34 77 
164 205 34 77 
162 209 33 76 
157 215 33 76 
154 220 34 77 
154 226 34 77 
152 233 34 77 
152 245 34 77 
156 244 34 78 
160 247 34 78 
162 252 34 78 
167 255 34 79 
171 259 34 78 
177 261 34 77 
183 262 33 76 
192 262 33 75 
199 263 32 74 
206 263 32 73 
214 263 32 74 
223 260 32 73 
233 260 32 74 
241 258 32 73 
248 254 32 72 
257 251 31 71 
264 247 31 72 
270 245 31 71 
274 242 31 70 
278 238 31 70 
281 234 31 70 
284 231 31 71 
285 227 31 71 
286 225 32 72 
285 222 32 72 
283 217 31 71 
279 214 32 73 
277 210 32 72 
272 206 32 73 
267 205 32 73 
260 201 32 73 
255 199 32 73 
249 196 32 72 
243 194 32 72 
234 192 32 73 
228 190 32 73 
220 190 32 73 
217 189 32 74 
209 189 33 74 
204 188 33 75 
196 187 33 76 
188 189 34 77 
183 190 34 77 
177 190 34 76 
169 191 34 78 
165 193 34 77 
160 193 34 78 
155 196 34 77 
150 196 34 78 
149 197 35 79 
147 197 34 78 
143 197 35 79 
142 198 35 79 
140 198 35 79 
137 198 34 79 
136 198 34 78 
136 199 34 78 
136 199 34 78 
136 199 34 78 
137 200 34 78 
138 202 34 78 
139 202 34 78 
141 201 34 78 
141 202 34 78 
144 202 34 78 
147 200 34 78 
148 199 34 78 
151 199 34 78 
154 198 34 77 
157 197 34 77 
159 196 34 77 
161 196 34 76 
166 196 33 76 
166 196 33 76 
170 196 34 77 
174 195 33 76 
176 194 34 76 
180 195 33 75 
183 195 33 76 
187 195 33 76 
192 194 33 76 
197 194 33 76 
200 197 34 77 
205 197 34 76 
210 197 33 76 
212 196 33 75 
215 198 33 75 
220 197 33 75 
222 198 33 76 
226 198 33 75 
227 197 33 76 
229 197 33 76 
229 197 33 76 
231 196 33 76 
231 195 33 76 
229 193 33 75 
228 192 33 76 
227 193 33 76 
224 192 34 77 
224 191 34 77 
220 190 34 78 
218 190 34 78 
214 189 34 78 
211 188 34 79 
209 188 34 79 
204 188 35 79 
202 187 34 79 
196 186 34 78 
194 185 34 78 
191 185 35 79 
186 185 35 79 
183 185 35 79 
179 184 34 79 
176 184 34 79 
174 183 35 79 
171 181 35 79 
171 181 35 79 
169 182 34 79 
166 180 34 78 
164 180 34 79 
162 179 34 79 
162 178 35 79 
161 178 35 80 
162 177 35 79 
160 177 34 79 
160 176 35 79 
161 176 34 79 
159 175 34 78 
160 175 34 78 
160 175 34 78 
161 175 34 77 
161 175 34 77 
161 175 34 77 
162 174 34 78 
164 174 34 77 
164 174 34 77 
167 174 34 77 
168 173 34 77 
171 173 34 77 
171 173 34 77 
173 172 34 78 
176 173 34 77 
177 173 34 77 
178 173 34 77 
181 173 33 76 
183 174 34 77 
186 175 33 76 
186 175 33 76 
189 175 33 76 
193 175 33 76 
194 176 33 76 
197 175 33 76 
197 176 34 78 
201 176 34 77 
204 177 33 76 
205 177 33 76 
207 176 33 76 
207 176 33 76 
209 176 33 76 
210 177 33 76 
213 177 33 76 
213 179 33 76 
213 179 33 76 
214 178 33 76 
214 178 33 76 
214 178 34 77 
215 179 34 77 
214 179 33 76 
213 178 33 76 
211 179 33 76 
211 179 33 76 
211 179 33 76 
210 176 33 76 
211 176 34 77 
211 175 34 77 
211 174 34 77 
211 172 34 77 
210 172 33 76 
211 171 33 75 
210 171 33 76 
209 169 33 76 
207 168 33 76 
207 168 34 76 
204 166 33 76 
204 167 34 76 
204 167 34 76 
203 167 33 76 
201 168 33 76 
199 167 33 76 
197 167 34 77 
198 168 34 77 
197 169 34 77 
193 169 34 77 
192 170 34 78 
188 169 34 77 
187 168 34 77 
185 168 34 78 
184 166 34 78 
184 166 34 78 
181 164 35 79 
180 162 34 78 
179 161 34 78 
177 160 34 77 
174 157 34 77 
172 155 34 77 
171 153 34 78 
167 151 34 77 
164 151 34 77 
160 150 34 77 
156 150 34 77 
154 149 34 77 
154 150 34 79 
149 151 35 79 
149 151 35 80 
150 154 35 80 
148 156 36 81 
148 158 35 80 
151 162 35 81 
153 163 35 79 
156 166 35 80 
159 167 35 80 
160 170 35 80 
163 173 35 80 
167 173 35 80 
170 172 35 81 
173 174 35 81 
178 174 35 80 
180 175 35 79 
185 178 35 80 
187 180 35 79 
190 180 35 80 
193 180 35 80 
197 181 35 80 
200 183 36 81 
200 184 36 82 
203 187 36 81 
202 187 35 81 
201 187 36 81 
204 189 36 81 
203 189 36 81 
200 192 35 81 
200 192 35 81 
199 191 35 80 
199 191 35 80 
198 189 36 81 
195 189 35 81 
195 188 35 81 
194 189 36 81 
194 188 35 80 
193 186 36 81 
192 186 35 81 
191 184 36 82 
190 183 36 82 
188 183 36 82 
189 182 36 82 
188 180 36 82 
187 179 36 81 
185 177 35 81 
185 176 35 80 
183 176 35 80 
182 175 35 80 
181 175 35 79 
180 174 35 79 
178 173 34 78 
177 173 34 78 
177 174 34 78 
176 173 34 78 
176 173 34 78 
175 172 34 77 
173 170 34 78 
172 170 34 78 
173 169 34 78 
172 168 34 78 
174 167 34 78 
174 167 34 78 
174 165 35 79 
174 165 35 79 
174 165 35 79 
175 162 35 79 
177 161 35 80 
175 159 35 80 
177 158 35 80 
175 157 35 81 
176 156 35 81 
175 155 36 81 
175 153 35 81 
175 153 35 81 
175 152 35 80 
174 153 35 80 
172 153 35 80 
173 153 35 79 
174 154 35 79 
175 154 35 79 
177 156 35 80 
175 157 35 81 
178 159 35 81 
178 161 35 81 
179 164 35 80 
181 166 35 80 
185 169 35 80 
187 171 35 80 
191 174 35 80 
193 176 35 81 
195 178 36 81 
200 180 35 80 
202 184 35 79 
203 185 35 80 
208 186 35 81 
211 188 36 81 
212 189 36 82 
215 189 36 83 
216 189 36 83 
219 189 36 83 
218 189 36 83 
218 189 36 83 
218 189 36 83 
217 190 37 84 
216 190 37 84 
213 192 37 84 
210 193 37 85 
206 194 37 85 
202 195 37 85 
198 196 37 84 
192 196 37 84 
188 197 37 84 
184 198 36 83 
178 199 36 81 
172 199 36 81 
168 199 35 81 
161 200 36 81 
156 200 35 81 
151 200 36 81 
147 201 36 81 
143 202 36 82 
137 201 36 82 
132 201 36 81 
128 201 36 81 
126 200 36 81 
121 200 36 81 
118 199 36 82 
115 198 36 82 
113 198 36 82 
113 197 35 81 
110 196 35 80 
109 195 36 81 
110 193 35 80 
110 192 35 80 
112 190 35 80 
114 190 35 80 
114 189 35 80 
118 189 36 81 
119 188 35 81 
122 186 36 82 
127 187 36 81 
132 185 35 80 
135 185 35 80 
138 185 35 80 
143 184 35 80 
146 184 35 80 
155 184 35 80 
160 183 35 79 
167 184 35 79 
171 181 35 79 
178 180 35 80 
184 179 35 79 
188 179 35 80 
195 177 35 80 
200 177 35 80 
205 174 35 80 
205 172 35 80 
209 170 35 79 
211 169 35 80 
213 165 35 80 
214 165 35 80 
214 165 35 80 
213 163 35 80 
213 163 35 80 
211 164 34 79 
208 164 35 79 
205 163 35 80 
199 164 35 80 
194 165 34 79 
187 166 34 78 
184 167 35 79 
180 168 34 79 
175 169 35 79 
166 171 34 79 
162 171 34 78 
157 173 34 78 
153 175 34 78 
148 177 34 78 
144 178 34 77 
140 178 34 78 
136 179 34 78 
136 180 34 77 
132 181 34 77 
131 182 34 77 
128 184 34 77 
126 185 33 76 
126 187 33 76 
126 189 33 76 
127 189 33 75 
128 191 33 75 
129 191 33 75 
131 191 33 76 
134 190 33 76 
134 190 33 76 
139 189 33 76 
142 187 33 76 
147 185 33 76 
152 182 33 76 
159 179 33 76 
163 175 33 76 
169 172 33 76 
174 169 33 76 
178 164 33 76 
185 160 33 76 
188 156 33 75 
195 151 33 74 
202 149 33 74 
209 145 33 74 
214 141 32 74 
221 138 32 74 
223 133 32 74 
230 128 32 74 
232 124 32 73 
237 120 32 72 
242 117 32 72 
243 114 32 72 
247 111 32 72 
245 108 32 74 
244 107 33 75 
242 105 33 75 
237 105 33 76 
235 105 33 75 
232 105 33 75 
226 106 33 76 
220 108 33 76 
214 110 33 76 
209 112 33 75 
203 116 33 75 
195 119 33 75 
187 123 33 74 
181 126 33 74 
176 131 32 74 
167 135 32 72 
158 139 32 72 
149 143 32 72 
143 148 32 72 
136 152 32 73 
131 157 32 73 
123 160 32 72 
117 164 32 72 
111 170 31 71 
107 174 31 71 
104 176 32 72 
98 181 31 72 
95 184 32 72 
93 188 32 73 
89 192 32 73 
89 195 32 72 
89 197 32 73 
88 198 32 72 
89 199 31 71 
90 199 31 71 
95 199 30 70 
96 199 30 68 
100 198 30 69 
100 196 30 69 
103 195 30 69 
102 191 30 69 
102 189 30 70 
104 185 30 69 
103 181 30 69 
101 177 31 70 
100 172 30 69 
101 168 30 69 
100 163 30 69 
97 160 30 69 
94 158 30 69 
91 154 30 68 
88 154 29 67 
82 154 30 67 
80 156 30 67 
80 160 30 67 
76 163 30 68 
77 169 30 68 
75 173 30 68 
78 179 30 68 
80 186 29 67 
81 191 29 67 
87 198 29 66 
92 204 29 65 
97 209 28 65 
104 215 28 64 
114 218 28 64 
121 221 28 63 
131 223 28 63 
141 225 27 62 
151 225 27 62 
161 225 28 63 
172 224 27 62 
179 222 28 63 
190 222 28 64 
197 220 28 64 
208 218 28 63 
215 216 28 64 
222 212 28 64 
229 208 28 63 
236 204 28 64 
243 201 28 64 
247 197 28 65 
255 193 29 65 
258 188 29 65 
261 184 28 65 
265 180 28 63 
268 176 28 64 
274 170 29 65 
274 167 29 65 
276 164 28 64 
275 160 28 65 
274 156 28 65 
273 152 29 65 
272 148 29 66 
267 143 28 65 
265 139 29 66 
258 134 28 65 
249 129 28 65 
238 123 29 65 
228 121 29 66 
218 118 29 66 
205 115 29 66 
196 115 29 66 
184 115 29 66 
176 112 29 66 
165 116 29 67 
153 119 30 67 
142 121 29 67 
134 125 29 67 
127 129 29 67 
120 130 29 66 
113 133 29 67 
109 141 29 66 
104 146 29 66 
99 150 30 67 
98 157 29 66 
96 162 29 67 
93 167 29 66 
94 174 29 66 
96 182 29 67 
97 188 29 66 
100 194 29 66 
105 201 29 66 
107 204 29 65 
113 210 29 65 
115 215 29 66 
120 219 29 66 
126 223 29 66 
132 227 29 65 
135 230 28 65 
143 234 28 65 
149 237 29 65 
153 239 29 65 
158 239 28 65 
164 240 29 66 
169 241 29 66 
174 241 29 65 
182 242 28 64 
185 239 29 65 
190 238 29 65 
195 238 29 65 
200 234 28 64 
204 232 28 64 
209 231 28 64 
213 228 28 64 
218 224 28 64 
220 219 28 64 
223 216 28 64 
227 214 28 64 
229 209 28 64 
230 206 28 64 
232 203 28 65 
231 200 29 66 
230 197 28 65 
229 196 28 64 
230 193 28 65 
228 193 28 64 
227 193 28 64 
225 191 28 63 
220 190 28 63 
219 190 27 63 
214 190 27 62 
211 191 27 62 
205 191 27 61 
200 192 27 62 
195 193 27 62 
188 195 27 61 
180 197 26 60 
173 199 26 60 
167 199 26 59 
160 202 26 60 
152 203 26 60 
148 204 26 60 
141 206 26 60 
136 206 26 59 
127 206 26 59 
121 206 26 60 
118 207 26 59 
112 206 26 59 
108 206 26 58 
105 207 26 59 
103 206 25 58 
103 204 25 58 
104 203 25 56 
104 202 25 56 
108 201 25 56 
110 199 24 56 
115 198 25 56 
121 197 25 57 
126 195 25 56 
133 196 24 56 
143 195 24 55 
152 195 24 55 
161 196 24 55 
169 196 24 55 
178 196 24 54 
187 196 24 54 
201 197 24 54 
209 197 23 53 
219 197 23 52 
230 197 23 52 
240 199 23 52 
252 199 23 52 
259 199 23 53 
270 198 24 54 
280 197 24 54 
287 198 24 55 
295 196 25 56 
301 194 24 56 
305 193 25 56 
311 193 25 57 
317 190 25 58 
317 188 25 57 
319 187 25 57 
319 184 25 56 
319 183 25 57 
317 182 25 57 
314 180 25 57 
309 178 25 57 
306 176 25 57 
300 175 25 57 
294 174 25 57 
286 172 25 57 
278 171 25 58 
269 170 25 58 
261 170 26 58 
251 170 26 59 
242 170 26 60 
235 171 26 60 
226 171 26 60 
217 172 26 59 
208 170 26 59 
201 172 26 60 
189 172 26 59 
184 173 26 58 
174 172 26 59 
166 173 26 60 
157 176 26 59 
153 175 25 58 
145 175 26 59 
142 176 26 60 
138 178 26 59 
134 178 26 59 
133 180 26 59 
129 184 26 59 
130 187 26 59 
129 190 26 59 
129 193 26 60 
130 196 26 60 
132 198 26 60 
134 201 26 60 
139 203 26 60 
141 205 27 61 
145 207 27 61 
148 207 27 62 
155 208 27 61 
159 208 27 62 
164 208 27 61 
168 209 27 62 
175 209 27 61 
180 207 27 62 
185 207 27 62 
191 208 27 62 
197 207 27 62 
202 206 27 62 
208 207 27 62 
215 207 27 61 
222 206 27 61 
227 206 26 60 
234 204 26 60 
240 203 26 60 
245 203 26 59 
249 203 26 58 
254 201 26 59 
257 200 26 59 
259 199 26 60 
262 196 27 61 
262 194 27 61 
264 194 27 61 
264 194 27 61 
264 191 26 60 
262 191 26 60 
259 190 26 60 
256 189 27 60 
252 189 26 60 
249 189 26 60 
245 188 26 60 
240 189 27 61 
233 189 26 60 
227 188 27 61 
221 190 27 61 
216 190 27 61 
209 191 27 61 
203 193 27 62 
198 191 27 62 
190 193 27 61 
185 193 27 61 
179 192 26 60 
174 193 26 60 
168 193 27 61 
160 195 27 61 
156 195 26 60 
149 197 26 60 
144 197 27 61 
140 199 26 60 
135 200 26 60 
131 202 26 59 
127 204 26 59 
123 204 26 60 
121 207 27 61 
119 207 27 61 
119 207 27 60 
117 210 27 61 
115 209 27 61 
116 211 27 62 
116 211 27 62 
118 211 27 62 
119 210 27 62 
121 210 27 61 
124 208 27 61 
125 210 27 62 
128 209 27 62 
130 209 27 61 
134 208 27 62 
139 207 27 61 
141 206 27 61 
144 206 27 61 
147 205 27 61 
148 204 27 61 
153 204 27 61 
157 202 27 61 
159 202 27 61 
162 201 27 62 
165 201 28 63 
169 202 27 62 
172 201 27 63 
173 200 27 63 
178 201 27 62 
180 200 28 63 
181 199 28 63 
183 201 27 62 
185 200 27 62 
187 201 27 62 
189 201 27 62 
191 202 27 61 
191 205 27 61 
193 204 26 60 
195 204 26 60 
196 205 26 59 
196 205 26 59 
196 205 26 59 
197 206 26 59 
197 206 26 59 
196 206 26 59 
196 206 26 59 
194 205 26 60 
194 205 26 60 
191 204 26 60 
188 201 26 60 
187 202 27 61 
185 200 27 61 
179 200 27 62 
177 201 27 62 
173 201 27 62 
170 201 27 63 
167 201 28 63 
163 199 28 64 
157 200 28 64 
154 199 28 64 
151 199 28 63 
147 200 27 63 
145 200 28 63 
139 200 28 63 
136 201 28 64 
132 201 28 63 
127 201 27 62 
123 201 27 63 
118 203 27 61 
114 204 27 62 
108 203 27 62 
104 204 27 61 
100 202 27 61 
94 201 27 61 
91 201 26 60 
86 201 26 60 
83 201 26 60 
79 202 27 61 
79 202 26 60 
78 201 27 61 
79 199 27 61 
79 199 27 61 
82 198 26 60 
84 200 27 60 
87 198 27 61 
93 198 27 61 
100 197 27 61 
105 197 26 59 
113 196 26 59 
118 194 26 59 
125 194 26 59 
133 193 26 59 
141 190 26 60 
147 188 26 59 
153 186 26 60 
161 184 26 59 
169 183 26 60 
173 181 26 59 
180 177 26 59 
186 174 26 59 
191 172 25 58 
195 170 25 57 
199 166 25 57 
199 165 25 57 
202 164 25 57 
201 163 25 58 
202 162 25 58 
199 160 25 58 
196 162 25 58 
193 162 25 58 
188 162 25 58 
181 164 26 59 
176 164 26 60 
168 166 26 60 
161 167 27 61 
152 170 26 60 
146 172 26 60 
137 176 26 60 
129 176 26 60 
120 180 26 60 
113 181 27 61 
107 183 26 59 
100 188 26 59 
93 191 26 59 
86 193 26 59 
82 194 26 59 
77 197 26 59 
73 199 26 60 
71 201 26 60 
69 205 26 60 
69 207 26 60 
68 208 27 61 
69 209 26 60 
71 211 27 61 
71 212 27 61 
75 213 27 60 
78 214 27 61 
82 214 27 61 
86 215 27 61 
93 212 27 61 
98 210 26 60 
104 207 27 61 
111 202 26 60 
117 198 26 60 
124 193 26 60 
131 188 26 59 
139 182 26 59 
145 175 26 59 
155 168 26 59 
162 159 26 59 
170 152 26 58 
176 144 26 60 
183 136 26 60 
185 128 26 59 
189 121 26 60 
191 113 26 60 
196 108 26 60 
195 101 26 59 
194 98 26 60 
193 94 26 59 
191 91 27 61 
188 93 27 61 
183 91 27 62 
180 92 27 61 
174 94 27 62 
169 96 27 62 
164 101 27 61 
158 106 27 61 
152 113 27 62 
148 118 27 62 
143 124 27 63 
139 134 27 63 
134 142 27 62 
131 150 28 63 
129 158 28 64 
124 166 28 64 
122 176 28 64 
123 184 28 64 
124 194 28 64 
124 200 28 64 
127 207 28 65 
128 217 28 65 
133 225 28 64 
135 228 28 64 
140 235 28 64 
145 237 28 65 
151 241 28 65 
157 241 28 65 
164 244 28 64 
169 246 28 64 
176 243 28 64 
182 241 28 64 
187 241 28 63 
192 239 28 64 
198 239 28 64 
204 236 28 65 
205 234 28 65 
210 230 29 65 
214 229 29 66 
218 226 29 65 
221 224 29 66 
221 223 29 67 
224 219 29 67 
224 219 29 67 
226 216 29 66 
228 215 29 67 
228 215 29 67 
230 213 30 68 
230 213 30 68 
230 214 30 69 
232 212 30 69 
232 212 30 69 
232 212 30 69 
232 212 30 68 
233 210 30 69 
233 210 30 69 
232 211 30 70 
233 209 31 70 
234 206 31 70 
237 204 31 70 
239 201 31 71 
239 199 31 70 
243 196 31 71 
246 194 31 72 
247 194 31 72 
250 192 32 72 
253 191 32 72 
251 191 31 72 
252 191 32 72 
250 191 32 73 
249 189 33 75 
246 190 33 75 
242 188 33 75 
237 187 33 76 
233 187 33 74 
228 186 32 73 
222 186 32 74 
217 186 33 75 
211 185 33 74 
208 184 33 75 
203 184 33 75 
199 183 33 75 
195 184 32 74 
191 183 32 74 
187 185 32 74 
183 187 33 75 
181 188 33 74 
181 190 32 74 
179 191 32 73 
177 192 32 72 
177 196 31 71 
175 198 31 71 
173 201 32 72 
173 203 31 72 
174 205 31 71 
174 207 32 72 
175 210 32 73 
176 212 32 73 
177 214 32 74 
178 216 32 74 
180 218 33 75 
183 219 33 75 
186 219 32 74 
188 221 32 74 
192 222 33 74 
195 221 32 73 
200 222 32 72 
202 222 31 70 
207 222 31 71 
211 221 31 71 
214 219 31 70 
219 219 31 71 
223 217 31 71 
225 216 31 71 
230 215 31 71 
231 214 31 72 
230 214 31 71 
231 212 31 72 
231 212 31 72 
230 211 31 71 
228 209 31 71 
224 209 31 72 
222 207 32 73 
218 206 32 73 
214 204 32 73 
211 204 32 73 
207 201 32 73 
202 200 32 73 
196 200 32 72 
192 201 32 72 
186 200 32 72 
182 200 32 72 
177 199 32 73 
170 200 32 73 
166 198 32 73 
160 200 32 73 
155 199 32 73 
151 198 32 73 
146 199 32 73 
142 198 32 73 
137 200 32 73 
132 201 32 73 
129 202 32 73 
125 204 32 72 
121 205 31 72 
119 209 31 72 
113 210 31 71 
111 212 31 72 
107 216 31 71 
107 220 31 70 
102 222 31 71 
103 225 31 71 
102 227 31 71 
102 230 31 70 
106 231 31 71 
107 233 31 70 
112 234 31 71 
118 233 31 70 
123 234 31 70 
129 233 31 70 
135 232 30 69 
143 231 30 68 
147 230 29 67 
156 228 29 67 
167 227 29 67 
174 225 29 67 
181 224 30 67 
190 221 30 68 
198 218 29 67 
204 216 29 67 
212 213 29 67 
219 210 30 67 
227 207 30 68 
234 204 30 68 
238 201 30 69 
247 199 30 68 
252 197 30 68 
260 195 30 68 
265 194 30 69 
273 191 30 69 
281 190 30 69 
290 188 30 69 
295 187 30 68 
301 186 30 68 
307 183 30 68 
310 182 30 68 
312 180 30 67 
313 179 30 67 
311 176 30 68 
309 174 30 68 
308 173 30 68 
304 171 30 69 
300 171 30 68 
295 168 30 69 
289 167 30 69 
282 166 30 69 
276 165 30 69 
270 165 30 69 
263 162 31 70 
255 162 30 69 
246 161 30 68 
236 161 30 69 
228 161 30 69 
218 160 30 69 
209 160 30 69 
199 161 31 70 
190 161 30 69 
179 164 31 70 
171 167 31 70 
164 166 31 70 
156 170 31 71 
150 172 31 71 
143 173 31 71 
139 176 31 70 
137 181 31 71 
133 183 31 71 
130 187 31 70 
128 189 30 70 
128 192 31 70 
129 193 31 70 
127 195 31 70 
126 196 30 69 
126 196 30 69 
126 196 31 70 
130 194 30 69 
130 193 30 68 
130 193 30 69 
129 190 31 70 
128 189 31 70 
128 187 31 70 
127 184 31 70 
126 180 31 71 
124 176 31 71 
125 173 32 72 
123 169 32 72 
119 164 32 72 
116 160 32 72 
116 156 31 72 
114 152 31 71 
114 148 31 70 
112 144 31 70 
110 139 31 71 
110 134 31 70 
112 130 31 70 
113 125 31 70 
115 121 30 70 
118 117 30 69 
122 113 30 70 
129 109 31 70 
136 105 31 71 
142 103 32 72 
149 100 32 73 
160 97 32 74 
171 94 32 74 
181 91 32 73 
192 89 32 74 
205 86 32 74 
218 83 32 74 
230 80 32 73 
243 76 32 74 
260 74 33 75 
271 72 33 74 
280 70 32 74 
288 72 32 74 
296 73 32 74 
302 74 33 74 
305 76 33 75 
306 78 33 75 
301 81 33 75 
298 85 32 74 
292 89 33 74 
280 93 32 74 
271 95 32 74 
254 98 32 73 
245 101 32 74 
229 104 32 74 
214 108 32 74 
202 111 33 74 
186 115 33 74 
175 119 33 75 
164 125 33 75 
150 132 33 76 
142 139 33 76 
135 148 33 75 
132 155 33 76 
131 162 33 75 
129 169 33 76 
132 175 33 76 
135 183 33 76 
138 188 33 75 
141 194 33 76 
147 201 33 74 
153 205 33 75 
160 208 33 75 
169 209 33 76 
178 210 33 75 
189 210 33 75 
195 210 33 75 
205 207 33 75 
216 202 33 75 
226 198 33 75 
230 192 32 74 
236 188 33 74 
243 181 32 73 
247 177 32 74 
253 169 32 74 
255 163 32 74 
255 158 33 74 
254 152 33 74 
251 147 32 74 
245 143 32 73 
239 140 32 73 
233 138 32 73 
227 138 32 72 
219 139 32 72 
211 141 32 73 
203 144 32 73 
197 146 32 73 
194 151 32 74 
191 156 33 74 
188 161 33 74 
188 167 33 75 
188 173 33 75 
190 180 33 75 
194 185 33 75 
201 190 33 75 
209 195 33 76 
215 199 33 75 
221 204 33 76 
231 206 33 76 
239 208 33 76 
247 209 33 76 
253 212 33 76 
258 211 33 76 
265 210 33 76 
271 208 33 75 
277 206 33 74 
282 203 33 74 
288 199 33 76 
291 196 33 76 
296 192 33 76 
297 187 34 78 
300 184 35 79 
301 180 35 80 
300 177 35 80 
298 171 35 80 
301 168 34 79 
297 164 34 79 
294 162 35 80 
289 157 35 80 
285 155 35 80 
274 152 35 80 
268 148 35 80 
259 146 35 79 
251 142 35 79 
243 137 35 80 
237 133 36 81 
228 129 36 81 
219 123 36 82 
211 119 36 82 
205 115 36 82 
197 111 36 82 
191 108 36 83 
186 104 36 83 
178 99 36 83 
173 98 36 83 
166 96 36 83 
156 94 37 84 
156 93 37 84 
151 93 37 84 
147 96 37 84 
146 97 37 84 
144 101 37 84 
142 106 37 85 
142 109 37 84 
144 115 37 83 
145 121 36 83 
147 128 36 82 
151 135 36 82 
156 142 35 80 
160 149 35 80 
166 157 35 80 
171 164 35 80 
179 170 35 80 
188 178 35 79 
194 182 35 80 
202 187 34 78 
215 191 35 79 
224 195 34 79 
233 198 35 79 
245 200 35 79 
257 202 34 78 
270 203 34 79 
277 203 34 78 
291 201 34 77 
297 199 34 77 
306 197 34 77 
315 192 34 78 
321 187 34 78 
327 183 34 78 
331 178 34 79 
334 174 34 78 
335 169 34 78 
334 164 34 78 
331 158 34 78 
328 153 34 77 
326 147 34 79 
323 141 34 78 
317 135 34 78 
309 129 34 78 
303 123 34 79 
295 117 34 78 
289 112 34 79 
282 105 35 79 
271 101 35 80 
263 97 35 80 
257 94 35 81 
243 95 36 82 
229 95 36 82 
219 98 36 82 
207 100 36 83 
197 104 37 84 
185 108 37 84 
175 108 36 83 
167 111 37 84 
156 114 37 84 
146 115 37 84 
140 117 37 84 
137 118 37 84 
132 120 37 84 
128 118 37 85 
121 120 37 85 
121 120 38 86 
123 121 37 85 
127 121 37 84 
115 124 37 83 
109 121 36 83 
120 118 36 83 
130 114 37 84 
129 112 37 84 
134 110 37 84 
133 105 37 84 
138 101 37 84 
140 94 37 84 
144 89 37 84 
150 77 37 85 
154 69 37 85 
149 60 37 84 
153 50 37 83 
163 42 37 84 
165 41 36 83 
166 41 36 83 
173 41 36 83 
150 43 36 83 
109 65 36 83 
132 44 36 83 
131 54 36 83 
155 47 36 83 
158 48 36 83 
169 42 37 84 
175 41 36 83 
185 41 36 82 
196 41 36 82 
215 41 36 82 
222 41 36 81 
254 41 36 81 
273 41 36 81 
281 40 35 80 
290 39 34 78 
296 46 35 79 
305 54 35 79 
311 64 35 79 
314 71 34 78 
317 79 34 78 
320 86 34 78 
324 91 34 78 
327 97 33 76 
329 102 33 76 
326 106 33 76 
323 110 33 76 
321 115 33 75 
318 118 33 75 
313 121 33 76 
306 123 33 75 
301 127 33 74 
296 129 33 75 
290 129 33 76 
280 129 33 76 
275 131 33 76 
269 132 34 77 
260 131 33 76 
250 132 33 75 
242 132 33 75 
238 131 33 75 
226 131 33 75 
216 132 33 75 
209 133 33 74 
200 134 33 75 
191 135 33 75 
182 134 33 76 
171 135 33 74 
166 137 33 75 
161 137 33 75 
152 140 33 75 
148 143 33 75 
142 145 33 74 
138 147 33 75 
134 150 32 74 
130 153 32 74 
134 156 33 74 
135 160 32 73 
136 162 32 74 
141 165 32 74 
143 167 32 73 
151 169 32 74 
159 173 32 74 
167 175 33 74 
176 177 32 74 
187 178 32 74 
194 178 32 73 
204 178 32 73 
217 179 32 72 
225 178 31 71 
236 177 31 72 
246 175 31 71 
255 175 31 70 
262 172 30 69 
268 173 30 69 
273 172 30 69 
277 172 30 69 
281 173 30 69 
286 174 30 69 
289 176 30 68 
292 176 29 67 
295 176 29 67 
297 178 29 66 
297 179 29 67 
298 181 29 67 
296 185 29 66 
297 188 30 68 
294 191 30 67 
292 194 29 67 
291 198 30 68 
287 203 30 68 
281 207 30 68 
275 210 30 68 
271 214 30 68 
265 219 29 67 
261 221 29 67 
256 222 29 67 
249 224 29 67 
243 225 30 68 
238 226 30 68 
233 226 29 67 
229 223 29 67 
226 220 30 67 
222 217 30 68 
220 215 29 67 
219 212 30 68 
218 210 30 67 
217 208 29 66 
219 206 29 66 
220 204 29 67 
219 203 29 67 
221 203 30 69 
223 201 30 68 
223 199 30 68 
222 197 30 68 
221 195 30 70 
221 190 30 69 
218 187 30 69 
213 184 31 70 
214 180 31 70 
211 177 31 70 
208 174 31 71 
