189 175 132 176 
189 173 132 176 
189 173 132 176 
189 173 132 176 
190 173 132 176 
192 173 132 175 
192 173 132 175 
193 173 131 175 
196 173 131 175 
196 173 131 175 
197 172 131 175 
200 173 131 175 
202 172 131 174 
203 172 131 174 
206 172 131 174 
207 171 131 175 
208 172 131 175 
210 172 131 175 
210 172 131 175 
211 170 131 175 
212 170 131 175 
212 170 131 175 
211 170 131 175 
209 169 131 175 
209 169 131 175 
205 169 131 175 
204 168 132 175 
203 168 132 176 
202 169 132 177 
201 169 132 177 
202 168 132 176 
202 168 132 176 
203 169 132 177 
204 170 132 176 
204 171 132 176 
207 171 132 176 
208 171 132 176 
209 173 132 176 
212 171 132 176 
211 172 132 176 
212 172 132 176 
212 172 131 175 
211 173 131 175 
214 172 132 175 
215 171 132 176 
215 172 131 175 
215 173 131 175 
215 173 131 175 
217 172 131 174 
219 172 131 174 
219 172 131 174 
220 171 130 174 
222 173 131 174 
224 171 130 174 
223 171 130 173 
225 171 130 173 
225 171 130 173 
226 170 130 173 
226 170 129 172 
226 170 130 173 
227 170 130 173 
227 171 130 173 
226 169 130 173 
226 169 130 173 
224 171 130 173 
222 170 129 173 
223 170 130 173 
221 169 130 173 
223 169 130 173 
223 170 130 174 
222 170 130 174 
222 170 130 174 
223 169 130 173 
224 168 130 173 
224 168 130 173 
224 168 130 173 
226 168 130 173 
228 167 130 173 
231 168 130 173 
235 167 130 173 
236 167 129 172 
237 166 129 172 
238 168 129 172 
240 168 129 172 
239 170 129 172 
242 169 129 172 
240 172 129 172 
243 171 129 172 
243 172 129 171 
244 172 128 171 
243 172 128 171 
245 172 128 171 
244 172 128 171 
247 172 128 171 
246 173 128 171 
247 174 128 171 
247 173 128 171 
247 173 128 171 
247 174 128 171 
246 174 128 171 
245 173 129 171 
245 172 129 171 
245 171 129 171 
243 172 129 172 
242 173 129 173 
241 172 129 172 
240 172 129 172 
239 173 129 172 
237 173 129 172 
237 173 129 172 
237 173 130 173 
237 173 130 174 
236 172 130 174 
236 172 130 174 
237 172 131 174 
237 171 131 174 
239 171 131 175 
241 171 131 175 
243 170 131 174 
246 170 131 174 
247 169 131 175 
251 168 131 174 
255 167 131 174 
257 166 131 174 
261 165 131 174 
264 163 130 174 
268 163 130 173 
270 161 130 173 
274 158 130 173 
275 159 130 173 
282 156 130 173 
285 155 130 173 
290 156 130 174 
293 155 130 173 
297 154 130 173 
303 155 129 172 
305 155 129 172 
310 155 129 172 
314 156 129 172 
318 156 129 172 
324 157 129 172 
325 157 129 172 
329 158 129 172 
335 159 129 171 
338 160 128 171 
344 160 128 171 
349 161 128 171 
353 162 128 171 
358 164 128 171 
364 165 128 171 
369 165 128 170 
374 165 128 171 
382 164 128 170 
389 164 128 171 
396 164 128 171 
402 163 128 171 
410 162 128 171 
417 162 129 172 
423 162 129 171 
429 161 129 172 
435 161 129 172 
440 160 128 171 
446 160 128 171 
452 159 128 171 
456 159 128 171 
459 160 128 170 
463 158 128 170 
466 158 127 169 
470 160 127 169 
470 159 127 169 
474 161 127 170 
475 163 128 170 
475 164 128 170 
479 166 128 170 
481 168 127 170 
480 169 128 170 
482 170 128 171 
480 171 128 171 
480 171 128 171 
479 171 128 171 
478 172 128 171 
477 173 129 171 
475 173 129 172 
471 173 129 172 
470 173 129 172 
468 174 129 172 
465 172 129 171 
464 173 128 171 
465 173 129 172 
462 173 129 172 
459 173 129 172 
460 172 129 172 
456 172 130 173 
456 172 130 173 
455 173 129 173 
456 174 129 173 
454 175 130 173 
452 176 130 173 
454 178 130 173 
453 179 130 174 
453 181 130 173 
450 184 130 173 
450 188 130 173 
446 192 130 173 
443 197 130 173 
436 202 130 173 
431 198 130 173 
431 199 130 173 
427 204 130 173 
429 205 130 173 
426 211 130 173 
427 222 130 174 
428 226 130 174 
426 224 130 174 
425 226 131 174 
425 228 131 174 
423 230 130 173 
422 230 130 173 
422 231 130 173 
422 232 129 172 
420 235 129 172 
420 235 129 172 
420 237 129 172 
419 239 129 172 
418 240 128 171 
418 241 128 170 
420 244 128 171 
421 246 128 171 
420 249 128 171 
420 249 128 171 
421 251 128 171 
422 253 128 171 
421 254 128 170 
422 256 127 170 
422 255 127 169 
421 256 127 169 
421 257 127 169 
422 256 127 169 
422 256 127 169 
422 257 127 169 
419 257 127 169 
420 257 127 169 
419 258 127 169 
418 258 127 170 
418 257 128 170 
414 257 128 170 
414 255 127 170 
414 255 127 170 
412 252 127 169 
412 251 127 170 
412 249 127 170 
411 249 127 170 
410 246 128 170 
409 247 128 171 
406 244 128 170 
406 244 128 170 
404 243 128 170 
402 243 128 170 
401 243 128 170 
397 244 128 170 
394 244 127 170 
391 246 128 170 
387 247 128 170 
384 248 128 170 
381 250 128 170 
378 251 128 171 
374 255 128 171 
371 257 128 171 
367 258 128 170 
364 258 127 170 
360 260 128 170 
358 260 127 170 
354 260 127 170 
352 259 127 169 
347 258 127 169 
345 257 126 169 
337 254 126 168 
331 251 126 168 
325 250 126 168 
322 249 126 168 
317 246 127 169 
313 245 127 169 
309 243 127 170 
304 241 128 170 
301 238 128 171 
295 235 128 170 
294 232 128 170 
290 229 128 170 
288 225 128 170 
283 223 127 170 
281 221 127 170 
278 219 127 170 
277 216 127 170 
274 214 127 170 
276 212 127 169 
274 210 127 170 
274 209 127 170 
272 207 128 170 
268 209 128 170 
268 208 128 170 
266 207 128 171 
265 208 128 171 
264 207 128 171 
260 206 128 171 
260 207 129 172 
257 206 129 172 
255 205 128 171 
252 205 128 171 
250 203 128 171 
248 202 128 171 
247 200 128 171 
246 200 128 171 
245 198 128 171 
243 197 128 171 
240 196 129 172 
240 194 129 172 
240 194 129 172 
239 194 129 171 
235 191 129 172 
234 190 129 172 
233 189 129 172 
229 189 128 171 
231 189 129 171 
231 189 129 171 
229 187 128 171 
226 187 128 171 
228 185 128 170 
227 182 127 170 
226 181 127 170 
224 180 128 170 
225 178 128 171 
223 176 128 170 
221 177 128 171 
222 175 128 171 
221 175 128 171 
222 177 128 170 
221 179 128 170 
220 181 128 170 
220 182 128 170 
219 183 127 170 
218 185 128 170 
219 185 128 170 
219 185 128 170 
219 185 128 170 
219 186 127 170 
220 187 127 170 
222 187 128 170 
222 188 128 170 
225 190 128 171 
227 191 127 170 
230 192 127 169 
231 192 127 169 
234 192 127 169 
237 195 127 169 
239 195 127 169 
239 196 126 169 
242 198 127 169 
242 199 127 169 
246 198 127 170 
246 199 127 169 
245 200 127 169 
245 199 127 169 
243 198 127 169 
241 199 127 169 
243 198 127 169 
241 196 127 170 
241 196 127 170 
240 195 128 170 
239 193 127 170 
238 191 127 169 
237 189 127 169 
237 189 126 169 
237 186 127 169 
236 185 126 168 
236 183 126 168 
237 182 126 168 
238 181 126 168 
238 181 126 168 
242 180 126 167 
244 180 125 167 
247 179 125 167 
252 179 125 167 
256 179 125 167 
261 180 126 167 
263 182 125 167 
267 182 126 167 
268 182 126 167 
267 184 125 167 
269 183 125 167 
269 184 126 167 
269 183 125 167 
270 183 125 167 
269 185 125 167 
269 185 125 167 
269 185 125 167 
270 186 125 167 
269 185 125 167 
271 186 125 167 
269 186 126 168 
269 187 126 167 
269 187 126 167 
269 187 126 167 
266 186 125 167 
267 188 126 168 
266 186 126 167 
265 187 126 168 
266 186 126 168 
264 186 126 168 
264 187 125 167 
264 187 125 167 
264 184 125 167 
264 186 125 167 
264 184 125 166 
264 184 125 166 
264 184 125 166 
264 184 125 166 
264 184 125 167 
264 183 125 166 
265 183 125 166 
265 183 125 166 
266 182 125 167 
265 184 126 167 
264 183 126 168 
264 183 126 168 
266 184 125 167 
263 184 125 167 
266 184 125 167 
265 184 126 167 
263 184 125 167 
264 184 125 167 
265 185 125 167 
265 185 125 167 
265 185 125 167 
266 186 125 167 
265 186 126 168 
265 186 126 168 
265 186 126 168 
266 187 126 168 
267 186 126 168 
264 188 126 168 
265 189 126 168 
265 188 126 168 
265 187 126 168 
265 187 126 168 
265 189 126 168 
266 189 126 168 
266 189 126 167 
266 190 126 167 
266 189 126 167 
266 189 126 167 
266 190 125 167 
267 189 125 167 
267 189 125 167 
267 189 125 167 
267 189 125 167 
267 192 126 168 
267 190 126 168 
266 190 126 168 
266 190 126 168 
268 190 126 168 
266 192 126 168 
267 191 126 168 
268 192 126 168 
268 192 126 168 
267 191 126 168 
267 192 126 168 
269 193 125 167 
269 193 125 167 
269 193 126 168 
270 194 126 168 
271 194 126 168 
271 194 126 168 
271 194 126 168 
272 196 126 168 
273 196 126 168 
274 197 125 167 
274 196 125 167 
276 196 125 167 
276 197 125 167 
277 196 126 168 
277 196 126 168 
278 195 126 168 
278 195 126 168 
280 197 125 167 
280 197 126 167 
283 197 126 167 
285 198 126 168 
286 196 126 168 
290 197 126 167 
290 198 125 167 
293 198 125 167 
297 198 125 167 
300 199 125 167 
301 199 125 167 
305 199 125 166 
305 199 125 167 
308 198 125 166 
310 198 124 166 
311 199 124 166 
312 198 124 165 
312 199 124 165 
316 199 124 165 
317 199 124 165 
317 199 124 165 
320 200 124 165 
323 199 123 164 
323 198 123 164 
324 199 123 163 
328 199 122 163 
329 199 123 163 
331 198 123 163 
332 197 122 163 
334 196 122 163 
337 195 123 163 
338 195 122 163 
340 192 122 163 
342 193 123 164 
344 193 123 164 
347 192 123 164 
347 192 123 164 
349 190 123 164 
350 190 123 164 
354 190 123 164 
356 187 123 164 
359 187 123 164 
362 187 123 164 
364 186 123 164 
367 184 123 164 
370 183 123 164 
371 181 124 165 
375 180 124 166 
376 179 124 166 
380 179 124 166 
382 177 124 166 
384 178 125 166 
387 178 125 167 
387 178 125 167 
392 178 125 167 
393 177 125 167 
393 177 125 167 
395 177 126 168 
393 177 126 168 
394 178 126 168 
393 179 126 168 
391 179 127 169 
387 181 127 169 
384 182 127 169 
381 186 127 170 
381 190 127 170 
378 193 127 170 
375 194 127 170 
369 196 127 170 
365 195 127 170 
364 198 128 170 
357 198 128 170 
354 201 128 170 
347 204 128 170 
346 208 128 171 
343 210 128 171 
339 215 128 171 
336 217 128 171 
334 219 128 171 
331 220 128 171 
327 219 128 171 
325 215 128 171 
320 209 128 171 
318 200 128 171 
313 188 128 171 
310 178 128 171 
310 164 128 171 
308 150 128 171 
306 136 128 171 
305 121 128 171 
304 111 128 171 
300 102 128 170 
300 95 127 170 
298 90 128 170 
298 87 127 170 
296 85 127 170 
293 85 127 169 
292 86 127 169 
293 88 127 170 
291 92 127 169 
288 96 127 169 
286 101 127 169 
284 104 126 168 
280 106 126 169 
278 108 126 168 
279 109 126 168 
276 110 125 167 
275 111 125 167 
274 112 125 167 
272 113 125 167 
270 114 125 167 
269 116 125 167 
265 116 125 167 
265 117 125 167 
261 116 125 166 
261 116 125 166 
257 119 124 166 
252 119 124 166 
249 123 124 166 
245 124 124 166 
243 128 124 166 
242 130 124 166 
241 132 124 166 
240 133 125 166 
238 135 124 166 
237 137 125 166 
238 138 124 166 
237 139 124 166 
236 143 124 165 
236 147 124 165 
234 150 124 165 
232 155 124 165 
231 158 124 165 
229 162 124 165 
228 165 124 165 
228 169 124 165 
226 172 123 164 
224 175 123 164 
225 177 123 164 
225 179 124 165 
227 179 123 164 
228 182 123 165 
231 182 123 165 
235 182 123 165 
239 184 123 164 
241 185 123 163 
242 186 123 163 
246 190 122 163 
249 192 123 164 
250 193 123 163 
250 193 123 163 
251 189 123 164 
249 186 122 163 
247 185 122 163 
247 182 122 163 
245 177 121 162 
246 174 122 162 
242 171 122 163 
243 166 122 163 
241 164 122 163 
237 165 122 163 
237 165 122 163 
234 166 122 163 
232 167 122 163 
230 166 122 163 
228 167 122 163 
228 168 122 163 
229 169 122 163 
229 172 122 163 
232 173 122 163 
235 172 122 162 
237 172 122 163 
244 172 123 163 
248 172 123 164 
250 172 123 163 
253 172 123 164 
254 171 123 164 
257 172 123 164 
256 169 123 164 
256 168 123 164 
257 166 123 164 
256 163 123 164 
255 161 124 165 
253 161 124 165 
251 160 124 166 
250 159 125 166 
247 161 125 166 
244 162 124 166 
243 164 124 166 
241 164 124 166 
240 165 124 166 
240 165 124 166 
243 165 125 166 
244 164 125 167 
249 163 125 166 
253 162 125 166 
261 161 125 166 
265 158 125 166 
271 157 124 166 
274 156 125 166 
279 157 125 167 
283 159 125 166 
285 159 125 167 
286 161 125 166 
286 160 125 166 
281 159 125 166 
278 156 125 166 
275 154 125 166 
268 151 124 166 
262 149 124 166 
258 147 124 166 
254 148 125 166 
252 149 125 166 
247 154 125 166 
243 156 125 166 
243 159 125 166 
242 161 125 166 
243 163 125 166 
243 165 124 166 
242 165 125 166 
244 167 125 166 
246 168 125 166 
250 170 125 166 
253 173 125 166 
262 176 125 166 
273 177 125 167 
283 178 125 166 
294 179 125 167 
302 179 125 167 
313 178 125 167 
319 177 125 167 
327 175 125 167 
332 173 125 167 
338 169 125 167 
341 165 125 167 
339 162 125 167 
342 160 125 167 
343 157 125 167 
343 157 125 167 
343 161 125 167 
344 164 125 166 
344 168 125 166 
342 173 124 166 
340 178 124 166 
337 183 124 165 
335 187 124 165 
333 190 124 165 
331 192 124 165 
330 195 123 165 
328 198 124 165 
327 199 123 165 
327 202 124 165 
332 204 123 164 
335 206 123 164 
342 205 124 165 
349 206 123 164 
361 209 123 164 
373 211 123 164 
383 213 122 163 
395 215 122 163 
406 217 122 163 
418 219 122 163 
429 222 122 163 
434 224 122 162 
445 226 122 162 
452 230 122 162 
461 233 122 162 
468 234 122 162 
474 237 122 163 
480 241 122 163 
482 244 122 162 
486 246 122 162 
490 246 121 162 
492 248 122 162 
497 251 121 162 
504 253 122 162 
507 256 121 162 
510 258 121 162 
512 261 121 161 
515 264 121 161 
516 265 121 161 
515 267 121 161 
516 268 121 161 
516 269 121 161 
513 269 120 161 
509 266 120 160 
504 266 120 161 
502 265 121 161 
498 264 121 161 
493 265 121 161 
490 263 121 161 
487 264 121 161 
483 264 121 161 
479 264 121 161 
477 265 121 161 
472 265 121 161 
469 264 121 161 
467 263 120 160 
466 263 120 160 
463 263 121 161 
461 263 121 161 
460 264 121 161 
458 264 121 161 
457 263 121 161 
457 264 121 161 
455 265 120 161 
453 265 120 160 
452 266 120 160 
451 267 120 160 
450 267 120 160 
449 267 121 161 
448 267 121 161 
444 267 121 161 
441 266 121 161 
439 266 121 161 
437 266 121 162 
432 266 122 162 
430 265 121 162 
428 266 121 162 
428 265 121 161 
425 264 121 161 
425 264 121 161 
424 263 121 161 
423 262 121 161 
418 262 121 161 
419 262 121 161 
421 260 121 161 
417 261 121 161 
417 261 121 161 
417 260 121 161 
415 261 121 161 
417 260 121 161 
416 260 121 161 
414 261 121 161 
416 261 120 161 
412 261 121 161 
414 262 121 161 
414 262 121 161 
413 262 121 161 
411 263 120 161 
412 263 121 161 
409 264 121 162 
409 264 121 162 
406 262 121 161 
407 262 121 161 
404 260 121 161 
401 259 121 161 
398 258 121 161 
394 257 121 161 
390 255 121 161 
384 254 121 162 
378 253 121 162 
373 253 121 162 
366 254 121 161 
361 253 121 161 
354 256 121 161 
349 256 121 161 
345 255 121 161 
338 256 120 161 
335 255 120 160 
332 254 120 161 
328 254 121 161 
331 254 121 161 
327 252 120 161 
327 252 120 161 
327 252 120 161 
327 251 121 161 
326 252 121 161 
327 251 121 161 
324 249 121 161 
325 245 121 161 
325 242 120 160 
322 238 120 161 
321 234 120 161 
321 231 121 161 
319 229 121 161 
317 228 121 161 
311 227 121 161 
308 225 120 161 
305 223 120 160 
299 219 120 160 
294 216 120 161 
289 213 120 161 
288 211 121 161 
282 210 121 161 
278 209 120 161 
277 209 121 161 
276 211 121 161 
272 213 121 162 
273 216 121 162 
269 216 121 162 
269 217 122 162 
266 217 122 162 
265 216 122 163 
263 214 122 163 
260 211 122 163 
258 210 122 163 
253 206 122 163 
252 204 122 163 
249 201 122 163 
248 198 122 163 
244 196 122 163 
240 195 122 163 
241 192 122 163 
244 190 122 163 
248 189 123 163 
255 187 123 164 
263 187 123 164 
272 187 123 164 
282 186 123 163 
294 185 123 163 
306 182 123 163 
315 177 122 163 
323 174 122 163 
329 170 122 163 
332 169 122 163 
333 166 123 164 
332 166 122 163 
330 163 122 163 
329 162 122 163 
324 161 122 163 
322 160 122 163 
319 160 122 162 
312 160 122 163 
307 159 122 162 
307 161 122 162 
304 162 122 162 
307 165 122 162 
313 166 121 162 
321 168 121 162 
324 170 121 162 
330 172 121 162 
336 173 122 162 
339 175 122 162 
342 178 122 162 
343 181 121 162 
342 181 121 162 
342 181 121 162 
342 179 121 162 
340 175 122 162 
342 171 121 162 
342 171 121 162 
342 171 121 162 
343 173 121 162 
341 173 121 161 
340 172 121 161 
341 171 121 161 
341 170 121 161 
343 170 121 161 
343 170 121 161 
345 173 120 160 
350 176 120 160 
349 180 120 160 
353 184 120 160 
360 189 119 159 
368 194 119 159 
381 200 120 160 
394 209 120 159 
409 216 120 160 
420 226 120 160 
437 233 119 159 
451 241 119 159 
463 247 119 159 
475 251 119 159 
486 255 119 159 
493 258 120 160 
498 260 119 159 
502 263 119 159 
505 265 119 159 
507 269 119 159 
512 272 119 159 
513 276 119 159 
515 280 119 159 
517 285 119 159 
516 289 119 158 
520 294 119 159 
518 299 119 159 
514 306 119 159 
512 312 119 159 
507 318 119 158 
501 324 119 159 
493 330 119 158 
488 337 119 159 
481 344 120 159 
473 353 119 159 
466 364 120 159 
459 372 120 159 
453 381 119 159 
445 388 119 159 
440 395 119 159 
435 401 119 159 
430 401 119 159 
429 401 119 158 
426 401 118 157 
425 401 118 157 
431 401 118 157 
428 402 117 156 
432 402 117 156 
426 402 117 156 
425 401 116 155 
439 402 117 156 
456 402 117 156 
428 402 117 156 
441 401 116 155 
444 403 116 155 
446 396 115 154 
449 386 116 154 
452 377 115 154 
454 370 115 154 
455 364 115 154 
454 360 115 154 
456 355 115 153 
454 351 115 153 
454 348 115 153 
454 345 114 152 
454 342 114 152 
454 342 114 152 
453 342 114 152 
453 340 114 152 
453 339 114 152 
453 339 114 152 
453 339 114 151 
453 339 114 151 
453 339 114 151 
454 337 113 151 
454 338 113 151 
455 336 113 151 
453 334 113 150 
453 331 113 151 
453 328 113 151 
451 326 113 151 
451 325 114 151 
449 322 114 152 
449 320 114 152 
446 319 114 152 
443 319 114 152 
440 317 114 152 
437 317 114 152 
433 314 114 152 
430 313 114 152 
427 312 114 151 
424 309 114 152 
422 310 113 151 
420 308 114 152 
417 306 114 152 
416 304 113 151 
414 303 113 150 
412 302 113 150 
412 299 113 150 
412 299 113 150 
412 297 113 151 
413 296 113 151 
413 295 113 151 
414 293 113 151 
416 292 113 151 
416 290 114 151 
418 289 114 152 
418 286 113 151 
418 284 114 152 
419 283 113 151 
419 281 114 151 
420 278 113 151 
418 276 113 151 
419 275 113 151 
419 271 113 151 
416 270 113 151 
414 268 113 151 
413 267 113 151 
410 266 113 151 
409 265 113 150 
408 261 113 151 
408 261 113 151 
406 259 113 151 
404 257 113 151 
403 256 113 150 
402 254 112 150 
402 251 112 150 
400 249 113 150 
400 248 113 150 
398 246 112 150 
398 245 113 150 
396 244 113 151 
394 242 113 151 
394 242 113 151 
391 240 113 150 
388 240 113 151 
386 238 113 151 
383 238 113 151 
380 239 113 150 
376 239 113 150 
371 238 113 150 
369 238 113 150 
366 238 113 150 
363 238 113 150 
359 239 113 150 
357 238 113 150 
354 238 113 150 
351 238 112 150 
349 236 113 151 
344 234 113 151 
342 233 113 151 
340 233 113 151 
337 231 113 151 
334 231 114 151 
328 232 114 152 
326 232 114 152 
323 231 114 152 
320 232 114 152 
316 232 114 152 
313 232 114 152 
311 234 114 152 
306 234 114 151 
304 234 114 152 
301 235 113 151 
298 234 113 150 
295 233 112 150 
292 232 113 150 
293 232 112 150 
290 231 112 150 
288 230 112 150 
286 229 112 150 
286 229 112 150 
283 229 112 150 
281 228 113 150 
279 228 113 150 
279 228 113 150 
278 226 113 150 
277 226 113 150 
276 224 113 150 
278 223 112 150 
277 222 112 149 
278 220 112 150 
281 220 112 150 
281 220 112 150 
281 221 113 151 
287 222 113 150 
290 221 113 150 
291 221 113 150 
294 221 112 149 
298 223 112 150 
301 222 113 151 
303 222 113 151 
306 221 113 151 
306 221 113 151 
308 221 114 152 
306 220 114 152 
308 219 114 152 
313 218 114 152 
310 218 114 152 
311 218 114 152 
312 217 114 151 
312 215 114 152 
309 212 114 152 
308 207 113 151 
307 202 113 151 
307 195 113 150 
307 192 113 150 
304 187 112 150 
301 186 112 150 
300 185 112 150 
298 186 112 149 
293 193 112 149 
