264 80 23 28 
262 79 23 28 
260 80 23 28 
255 80 23 28 
252 81 23 28 
251 81 23 28 
249 81 23 28 
248 80 23 28 
246 80 23 28 
244 79 23 28 
243 78 23 28 
242 78 23 28 
243 77 22 27 
242 77 23 27 
242 76 23 28 
239 77 23 28 
240 77 22 27 
240 78 23 28 
240 77 23 28 
241 77 23 28 
239 76 23 28 
239 76 23 28 
240 76 23 28 
238 75 23 28 
236 73 23 28 
235 73 24 29 
236 70 24 29 
234 70 24 29 
233 69 24 29 
231 67 24 29 
229 69 24 29 
227 66 24 29 
225 68 23 28 
224 69 23 29 
222 69 24 29 
223 70 24 29 
220 70 24 29 
218 70 24 29 
217 72 24 29 
216 72 24 29 
216 72 24 29 
211 71 23 29 
211 70 23 29 
210 69 23 28 
208 69 23 28 
208 66 23 28 
208 65 23 28 
208 64 23 27 
207 62 22 27 
206 62 22 27 
207 61 23 28 
208 60 23 27 
207 61 23 28 
206 62 23 28 
207 62 23 28 
209 64 22 27 
209 65 22 27 
211 66 23 28 
210 67 23 28 
210 67 23 28 
213 67 23 28 
212 68 23 28 
212 68 23 28 
213 67 23 28 
211 67 24 29 
213 66 24 29 
212 64 23 28 
212 63 23 28 
211 63 23 28 
210 61 23 28 
206 62 23 28 
206 62 23 28 
202 62 23 28 
202 61 23 28 
200 60 22 27 
200 63 22 27 
195 61 22 27 
194 60 23 28 
194 59 22 27 
190 59 22 27 
189 58 22 27 
188 57 22 27 
186 57 22 27 
183 54 23 28 
182 54 23 28 
182 57 22 27 
177 55 22 27 
174 56 22 27 
166 56 23 28 
162 58 23 28 
154 61 23 28 
154 65 24 29 
144 66 24 29 
141 69 24 29 
137 68 24 29 
130 71 25 30 
123 72 25 31 
117 75 25 31 
108 74 26 31 
102 76 26 31 
94 77 26 31 
90 77 25 31 
88 76 26 31 
88 78 26 32 
85 78 26 32 
84 80 26 32 
82 81 26 32 
81 83 26 31 
79 84 26 31 
79 89 26 32 
79 89 26 32 
80 91 26 32 
81 95 26 32 
82 96 26 32 
84 97 26 31 
84 97 26 31 
86 96 25 31 
88 96 25 31 
93 96 25 31 
94 95 26 31 
123 106 26 31 
119 105 25 31 
124 105 25 31 
120 102 25 31 
124 103 25 31 
127 103 25 30 
127 103 25 30 
129 104 25 30 
132 107 25 30 
135 106 24 30 
136 108 25 30 
135 108 24 30 
138 108 24 30 
137 106 24 30 
142 105 24 29 
142 104 24 29 
118 111 24 30 
113 113 24 29 
110 115 24 30 
106 121 24 30 
110 134 25 30 
107 146 25 30 
100 154 25 30 
94 164 25 31 
100 171 25 30 
95 179 25 30 
100 184 25 31 
95 192 25 30 
95 196 25 30 
94 197 26 31 
88 199 26 31 
90 201 25 31 
87 200 25 31 
83 202 25 31 
83 202 25 31 
79 200 25 31 
78 200 25 30 
78 201 25 30 
74 197 25 30 
80 200 25 30 
87 203 25 30 
94 207 25 30 
99 209 24 30 
99 205 24 29 
66 183 24 29 
67 179 24 29 
74 182 24 29 
74 182 24 29 
77 181 24 29 
83 180 24 29 
86 179 24 30 
95 183 24 29 
95 178 24 30 
99 179 24 29 
104 180 24 29 
104 177 24 29 
108 179 24 30 
108 179 24 29 
113 181 24 29 
113 183 24 29 
116 184 24 29 
126 190 24 29 
128 192 24 29 
132 195 24 29 
138 199 24 29 
138 199 24 29 
145 204 24 29 
147 205 24 30 
155 205 24 30 
159 206 24 29 
169 207 24 29 
178 209 24 29 
182 206 23 28 
186 203 23 28 
190 204 23 28 
197 205 24 29 
203 206 23 28 
205 207 23 28 
209 209 23 28 
212 211 23 28 
218 217 23 28 
220 219 23 28 
220 221 23 28 
224 226 23 28 
224 226 23 28 
224 226 23 28 
224 226 23 28 
227 226 23 28 
230 226 22 27 
231 227 22 26 
233 227 22 27 
234 226 22 27 
235 227 22 27 
231 225 22 27 
232 226 22 27 
230 226 22 27 
225 226 23 28 
224 226 23 28 
221 226 23 28 
218 226 22 27 
216 227 22 27 
261 217 22 27 
262 217 22 27 
262 222 22 27 
261 226 22 27 
232 226 23 27 
235 226 22 27 
242 227 22 27 
242 225 22 27 
239 221 22 27 
238 218 22 26 
231 213 21 26 
231 213 21 26 
226 211 22 27 
222 211 22 27 
212 208 22 27 
213 211 22 27 
209 213 23 28 
210 217 23 28 
205 216 22 27 
202 216 22 27 
197 215 22 27 
191 213 22 27 
189 212 22 27 
187 211 22 27 
182 205 22 27 
183 202 22 27 
186 200 22 26 
192 198 21 26 
194 196 21 26 
198 194 21 25 
203 192 20 25 
203 191 21 25 
205 190 21 25 
208 190 21 25 
211 189 21 25 
210 188 21 25 
216 190 21 25 
222 190 20 25 
227 192 21 25 
227 192 21 26 
239 190 21 26 
237 191 21 25 
243 186 21 26 
254 191 21 26 
258 184 21 26 
261 180 21 26 
268 178 21 25 
278 174 21 26 
283 173 21 25 
289 170 21 25 
295 168 20 24 
299 166 20 24 
303 163 20 24 
306 161 20 24 
309 165 20 24 
311 163 20 24 
310 162 20 24 
310 159 20 24 
311 157 20 24 
312 155 20 24 
311 153 20 24 
311 152 20 24 
311 148 20 24 
311 149 20 25 
310 145 20 25 
302 111 20 24 
298 107 20 24 
298 107 20 24 
297 109 20 25 
297 110 20 25 
294 108 20 24 
293 109 20 25 
291 108 20 25 
292 110 20 25 
290 109 20 25 
287 110 21 25 
286 111 20 25 
286 111 20 25 
284 110 20 25 
283 108 20 24 
282 107 20 24 
281 111 20 25 
293 103 20 25 
293 104 20 25 
295 103 20 25 
296 101 20 24 
297 101 20 24 
298 101 20 24 
298 100 20 25 
300 100 20 25 
301 100 20 24 
301 100 20 24 
301 99 20 24 
299 98 20 24 
299 98 20 24 
300 97 20 24 
298 97 19 24 
297 97 19 23 
298 96 19 24 
295 96 19 24 
294 95 19 24 
294 95 19 24 
292 94 19 23 
291 94 20 24 
288 94 19 24 
