329 127 39 50 
326 125 39 50 
324 123 39 51 
323 123 40 51 
322 122 40 51 
321 119 40 51 
320 119 40 51 
318 119 40 52 
317 117 40 52 
315 116 41 52 
313 114 41 52 
312 115 40 52 
313 113 41 52 
313 113 41 52 
311 112 41 52 
310 110 40 52 
310 110 40 52 
308 109 40 51 
308 109 40 51 
308 109 40 51 
305 108 40 52 
305 108 40 52 
303 107 41 52 
303 107 41 52 
303 107 41 52 
301 108 40 51 
299 108 40 51 
298 107 40 52 
297 107 40 52 
295 107 41 52 
293 106 40 52 
291 105 40 52 
288 105 40 52 
288 106 41 52 
285 103 41 53 
284 104 41 52 
283 105 41 52 
281 105 41 52 
280 106 41 52 
279 105 40 52 
277 107 40 52 
274 108 40 52 
273 107 41 52 
272 108 41 52 
272 108 41 52 
270 108 40 51 
269 108 40 52 
269 109 41 52 
269 108 40 52 
267 108 40 52 
267 107 40 52 
268 106 40 52 
270 104 41 52 
274 103 40 51 
274 101 40 51 
277 98 40 51 
279 97 40 51 
282 92 40 52 
287 88 41 52 
288 87 41 52 
293 83 40 52 
297 82 40 52 
300 80 40 51 
304 79 40 51 
307 76 40 51 
310 74 40 52 
312 74 40 51 
316 74 40 51 
320 71 40 51 
322 70 39 50 
325 70 39 50 
328 68 39 50 
329 67 39 50 
334 66 38 49 
335 64 38 49 
337 63 38 49 
339 63 38 49 
337 60 38 48 
340 58 37 48 
340 58 37 48 
340 58 37 48 
342 55 37 48 
343 53 37 48 
344 53 37 48 
342 51 37 47 
343 51 37 47 
343 49 37 47 
341 49 37 47 
341 49 37 47 
341 49 37 47 
341 49 37 47 
340 51 37 48 
340 51 37 48 
340 51 37 48 
339 50 37 48 
339 52 38 48 
338 50 38 48 
338 52 38 48 
337 53 38 49 
336 55 38 49 
335 54 38 49 
334 55 38 49 
333 57 38 49 
333 58 38 49 
333 61 38 49 
333 59 38 48 
332 61 37 48 
332 61 37 47 
332 59 37 47 
332 61 37 47 
332 60 37 47 
334 60 36 47 
335 62 37 47 
336 61 37 47 
337 60 37 47 
337 60 37 47 
340 59 37 47 
340 58 36 47 
343 60 36 46 
343 60 36 46 
345 61 36 46 
346 62 36 47 
346 62 36 47 
347 63 36 46 
350 64 36 46 
352 66 36 46 
351 68 36 46 
351 69 36 46 
353 70 36 46 
354 70 35 45 
352 72 35 45 
354 72 35 45 
352 74 35 45 
352 73 35 45 
350 76 35 45 
350 77 35 45 
348 76 35 45 
348 74 35 45 
345 76 35 45 
344 74 35 45 
341 77 35 44 
341 75 34 44 
339 75 34 44 
334 77 34 43 
335 74 33 42 
332 74 33 42 
331 75 32 42 
329 76 33 42 
318 64 33 42 
317 64 33 42 
317 64 33 42 
317 63 33 42 
317 63 33 42 
316 62 33 42 
318 61 33 42 
317 62 33 42 
314 61 33 43 
312 61 33 43 
312 60 34 43 
312 59 34 43 
311 60 34 43 
311 64 34 43 
318 68 33 43 
320 71 34 43 
319 63 33 43 
320 65 33 43 
317 70 33 42 
316 69 32 42 
314 70 32 41 
313 72 32 41 
313 71 33 42 
312 69 33 42 
312 69 33 42 
313 71 32 41 
312 70 32 41 
313 71 32 42 
313 73 32 42 
313 73 32 42 
314 71 32 41 
317 70 33 42 
315 73 33 42 
319 71 33 43 
319 71 33 43 
320 73 33 42 
323 72 34 43 
324 71 33 43 
326 72 33 42 
328 71 33 42 
328 71 33 42 
333 72 34 43 
331 73 34 43 
337 75 34 43 
336 75 33 42 
339 74 33 42 
341 74 33 42 
345 75 32 42 
344 79 33 42 
346 78 32 42 
349 76 33 42 
350 80 32 41 
352 79 32 41 
353 81 32 41 
354 82 32 41 
355 82 32 41 
357 83 32 41 
356 83 32 41 
356 83 32 41 
357 87 32 41 
359 85 33 42 
357 87 33 42 
357 87 33 42 
356 90 33 42 
356 90 33 42 
356 90 33 42 
356 92 33 42 
354 93 33 42 
354 93 33 42 
355 94 33 42 
355 92 33 42 
355 94 33 42 
357 91 33 42 
354 93 33 43 
355 90 33 43 
355 91 33 42 
355 90 33 42 
355 91 33 42 
355 91 33 42 
353 91 33 43 
351 90 34 43 
352 89 34 43 
351 90 33 43 
350 92 33 42 
348 92 33 42 
348 92 33 42 
348 92 33 43 
348 92 33 43 
347 94 33 43 
347 93 34 43 
347 93 34 44 
343 95 34 44 
345 95 34 44 
343 95 35 44 
342 96 35 44 
339 97 35 45 
339 97 35 45 
339 97 35 45 
337 98 35 45 
334 99 35 45 
334 99 35 45 
331 100 35 45 
331 99 35 45 
329 101 35 45 
328 101 35 45 
326 101 35 45 
324 102 35 45 
322 103 34 44 
320 103 35 44 
320 103 35 44 
317 101 35 44 
316 103 35 44 
314 104 35 44 
314 104 35 44 
311 104 35 45 
312 105 35 45 
311 106 34 44 
310 106 35 45 
310 107 35 45 
311 110 34 44 
311 112 34 44 
312 113 34 44 
311 115 34 43 
311 119 34 43 
312 122 34 43 
314 124 33 43 
315 127 33 43 
313 129 34 43 
313 134 33 43 
313 135 33 43 
313 140 33 43 
310 141 33 43 
311 142 34 43 
308 145 33 43 
308 146 33 43 
309 147 33 43 
305 146 33 43 
310 144 33 43 
311 149 33 43 
308 150 33 42 
320 134 33 42 
324 134 33 42 
324 129 33 42 
324 126 33 42 
320 120 32 41 
318 116 32 41 
319 114 32 42 
315 106 33 42 
316 104 33 42 
310 96 32 41 
309 93 32 41 
306 90 32 42 
301 85 32 41 
305 81 32 41 
302 76 32 41 
299 72 31 40 
297 68 31 40 
293 62 31 40 
293 61 31 40 
293 55 31 40 
292 56 31 39 
289 51 30 39 
290 48 30 39 
285 44 30 39 
285 44 30 39 
287 41 30 38 
285 38 29 38 
285 40 29 38 
281 37 29 37 
281 36 29 37 
284 35 29 37 
282 35 29 37 
287 32 29 37 
299 33 29 37 
298 35 28 36 
298 33 28 36 
298 33 28 36 
298 35 28 36 
298 34 28 36 
297 35 28 36 
297 36 28 36 
297 36 28 36 
297 38 28 36 
298 41 28 36 
299 40 28 36 
299 40 27 35 
299 40 27 35 
302 43 28 35 
302 48 27 35 
301 44 28 35 
302 48 28 36 
303 50 28 36 
304 52 28 36 
304 52 28 36 
305 56 28 36 
305 58 28 36 
305 58 28 36 
306 60 28 36 
305 64 28 36 
305 65 27 35 
306 68 27 35 
307 71 27 35 
305 73 28 36 
305 75 28 36 
307 74 28 35 
306 77 27 35 
307 81 27 35 
307 82 27 35 
307 81 27 35 
307 87 27 34 
308 87 27 34 
307 90 27 34 
305 93 27 34 
306 94 26 34 
