159 106 82 98 
159 106 82 98 
158 106 82 98 
159 104 82 98 
157 105 82 98 
159 104 82 98 
159 104 82 98 
161 104 82 98 
162 104 82 98 
162 104 82 98 
163 102 82 98 
163 103 82 98 
163 103 82 98 
163 103 82 98 
163 103 82 98 
162 102 82 98 
162 102 82 98 
160 102 82 98 
159 100 82 99 
159 99 82 98 
159 99 82 98 
159 99 82 98 
157 99 82 99 
156 100 83 99 
154 99 83 99 
154 101 82 98 
154 101 82 98 
153 102 82 98 
153 102 82 98 
152 103 82 98 
152 103 82 98 
152 103 82 98 
149 104 82 98 
150 103 82 98 
149 102 82 98 
146 102 81 97 
146 102 81 97 
146 102 81 97 
146 102 81 97 
146 104 81 97 
146 104 81 97 
146 104 81 97 
146 106 81 97 
144 104 81 97 
144 105 81 97 
143 103 81 97 
142 103 81 97 
141 103 81 97 
141 103 81 97 
142 103 81 97 
142 103 81 97 
144 101 81 97 
144 101 81 97 
144 101 81 97 
144 101 81 97 
145 101 81 97 
145 101 81 97 
145 101 81 97 
145 99 81 97 
146 99 81 97 
145 98 81 97 
147 98 81 97 
150 98 82 98 
153 97 82 98 
157 96 81 97 
160 94 81 97 
160 94 81 97 
162 92 81 97 
161 91 81 96 
163 91 81 97 
163 92 80 96 
166 93 80 95 
167 95 80 95 
167 95 80 95 
166 96 80 95 
168 97 80 96 
167 98 80 96 
166 99 80 96 
166 99 80 96 
166 99 80 96 
165 99 80 96 
165 99 80 96 
164 99 80 96 
164 99 80 96 
163 99 80 96 
162 100 80 96 
162 100 80 96 
162 100 80 96 
162 99 80 95 
161 100 80 95 
161 100 80 95 
161 100 80 95 
160 101 80 95 
160 100 80 96 
160 100 80 96 
160 100 80 96 
160 99 80 96 
160 99 80 95 
160 99 79 95 
159 99 79 95 
160 99 79 95 
160 99 80 95 
159 98 79 95 
161 98 80 95 
161 98 80 95 
161 98 80 96 
163 99 80 95 
164 98 80 96 
164 98 80 96 
164 98 80 96 
164 98 80 96 
164 98 80 96 
164 98 80 96 
165 98 80 96 
165 98 80 96 
165 98 80 96 
164 99 80 96 
163 98 80 96 
162 98 81 96 
162 97 81 97 
161 97 80 96 
161 97 81 96 
161 97 81 96 
162 99 81 96 
161 98 81 97 
161 98 81 97 
162 98 81 97 
162 97 81 97 
162 97 81 97 
162 97 81 97 
162 98 81 97 
162 98 81 97 
162 98 81 97 
164 97 81 96 
164 97 81 96 
165 98 80 96 
165 98 80 96 
166 97 80 96 
166 96 80 96 
165 96 80 96 
165 96 80 96 
165 96 80 96 
165 96 80 96 
166 96 80 96 
166 96 80 95 
165 95 79 94 
165 94 79 94 
165 94 79 94 
165 94 79 94 
164 96 79 95 
164 96 79 95 
164 98 80 95 
163 96 79 95 
164 97 80 95 
164 98 80 95 
164 97 80 95 
163 96 80 95 
163 96 80 95 
163 96 80 95 
163 96 79 95 
163 96 79 95 
163 96 79 95 
163 96 79 95 
162 96 80 95 
163 96 79 95 
163 96 79 95 
162 96 79 95 
162 96 79 95 
162 96 79 95 
162 96 79 95 
162 96 80 95 
162 97 80 95 
163 97 79 95 
163 97 79 95 
163 97 79 95 
163 97 79 95 
162 99 79 94 
163 101 79 95 
161 97 79 94 
162 98 79 94 
162 98 79 94 
162 98 79 94 
162 98 79 95 
162 98 79 95 
162 99 79 95 
162 99 79 95 
161 100 80 95 
163 99 79 95 
162 99 79 94 
162 99 79 94 
162 99 79 94 
162 101 79 95 
162 101 79 95 
162 99 79 95 
162 99 79 95 
162 99 79 95 
162 100 79 95 
162 100 79 95 
162 100 80 95 
162 99 80 95 
163 99 80 96 
163 99 80 96 
162 100 80 96 
162 98 80 96 
162 100 81 96 
162 99 81 97 
161 99 81 97 
160 98 81 97 
159 99 82 97 
159 99 82 97 
161 99 82 98 
162 98 82 98 
162 98 83 99 
164 98 83 99 
164 98 83 99 
168 98 83 99 
168 98 83 99 
169 98 83 99 
170 99 83 99 
170 99 83 99 
170 99 83 99 
170 99 83 99 
169 97 83 99 
169 99 83 99 
170 98 82 98 
170 98 82 98 
170 98 82 98 
170 98 82 98 
169 97 82 98 
169 97 81 97 
169 96 81 97 
170 97 82 97 
168 96 81 97 
168 96 81 97 
168 96 81 97 
167 96 81 97 
167 96 81 97 
167 96 81 97 
167 95 80 96 
167 95 81 96 
166 94 81 96 
167 94 80 96 
166 95 81 96 
166 95 81 96 
166 95 80 96 
166 95 80 96 
166 94 80 96 
165 93 81 96 
165 93 81 96 
164 94 81 96 
165 93 81 97 
163 96 81 97 
162 93 81 97 
161 93 81 97 
161 93 81 97 
160 92 81 97 
158 93 81 97 
158 93 81 97 
157 92 82 98 
157 92 82 98 
158 93 82 97 
157 92 81 97 
156 91 82 98 
155 93 81 97 
155 93 81 97 
155 93 81 97 
155 93 81 97 
155 93 81 97 
156 93 81 97 
156 93 81 97 
156 93 81 97 
157 92 82 98 
157 92 82 98 
157 92 81 97 
157 92 81 97 
158 92 81 97 
157 93 81 97 
157 93 81 97 
156 93 81 97 
156 93 81 97 
158 94 82 98 
158 94 81 97 
158 94 81 97 
157 94 81 97 
159 95 81 97 
160 95 81 97 
161 95 81 97 
160 95 81 97 
160 95 81 97 
160 95 81 97 
161 95 81 97 
161 95 81 97 
162 96 81 97 
163 96 81 96 
163 97 81 96 
162 97 81 96 
161 97 80 96 
160 98 80 96 
160 98 80 96 
157 99 80 96 
155 99 80 95 
155 99 80 95 
153 98 80 95 
153 98 80 95 
152 98 80 95 
152 98 80 95 
153 97 79 95 
152 98 79 95 
152 98 79 95 
152 97 79 95 
151 97 79 95 
150 99 80 95 
149 98 80 95 
147 99 80 96 
145 98 80 96 
144 98 80 95 
142 99 80 95 
141 99 80 95 
139 98 80 95 
137 99 80 95 
135 100 80 95 
133 100 79 95 
132 102 79 95 
129 103 79 94 
127 103 79 94 
126 103 79 94 
124 103 79 95 
121 103 79 94 
121 104 79 95 
122 104 79 95 
118 102 79 95 
121 104 79 95 
121 102 79 94 
122 104 78 94 
123 104 79 94 
125 105 78 94 
117 106 78 94 
126 100 78 94 
123 100 79 94 
123 99 78 94 
122 99 79 94 
119 95 78 94 
120 98 79 94 
114 103 78 94 
117 102 78 93 
116 101 78 93 
124 101 78 93 
121 92 78 93 
118 92 78 93 
118 98 79 94 
116 96 79 94 
124 98 79 94 
124 93 79 94 
126 100 79 94 
129 100 79 94 
130 99 79 94 
130 99 79 94 
130 99 79 95 
130 99 79 95 
129 98 79 94 
133 98 79 94 
132 96 79 94 
133 96 79 95 
135 94 79 95 
139 94 79 95 
141 93 79 94 
143 91 79 94 
151 92 79 94 
153 90 79 95 
157 94 79 95 
158 94 80 95 
160 92 80 95 
160 92 80 95 
160 92 80 95 
162 94 80 96 
165 94 80 95 
169 94 80 95 
172 90 80 96 
176 90 80 96 
182 91 81 96 
186 90 81 96 
189 90 81 96 
189 90 81 97 
188 90 81 97 
188 90 81 97 
183 90 81 97 
177 91 81 97 
171 91 82 98 
164 90 82 98 
158 92 81 97 
147 90 82 97 
142 91 82 98 
137 93 81 97 
132 95 82 97 
126 94 82 97 
125 95 81 97 
119 94 81 97 
119 97 82 98 
117 97 82 97 
116 98 82 98 
114 97 82 98 
113 100 82 98 
113 100 81 97 
110 100 82 98 
110 101 81 97 
109 102 82 98 
107 102 82 98 
107 102 82 98 
107 103 82 98 
106 105 82 98 
104 103 81 97 
102 105 81 97 
102 105 81 97 
103 105 81 97 
103 105 81 97 
103 106 82 98 
104 105 82 98 
102 105 82 98 
102 105 82 98 
104 104 82 98 
104 106 82 97 
105 105 81 97 
103 104 82 97 
103 104 82 98 
105 105 83 99 
107 105 83 99 
106 104 83 99 
106 104 82 98 
108 105 82 98 
108 105 82 98 
109 104 81 97 
109 104 81 97 
109 104 81 97 
111 103 81 97 
110 103 81 97 
111 104 81 97 
111 103 81 97 
111 104 81 97 
111 104 81 97 
111 104 81 97 
111 106 81 97 
108 103 80 96 
107 104 80 96 
107 106 80 96 
107 107 80 95 
106 107 80 95 
106 107 80 96 
106 107 80 95 
108 107 81 96 
108 106 80 96 
108 107 80 96 
106 107 80 95 
108 109 80 96 
109 110 80 95 
109 109 80 96 
110 109 80 96 
109 110 80 96 
108 109 80 96 
108 110 80 96 
108 110 80 96 
109 110 80 96 
107 110 80 96 
107 110 80 96 
108 111 80 96 
108 111 80 96 
108 111 80 96 
107 112 80 96 
107 112 80 96 
108 112 80 96 
108 111 81 97 
108 111 81 97 
108 111 81 97 
108 112 81 96 
108 111 80 96 
108 111 80 96 
108 111 80 96 
108 111 80 96 
108 111 80 96 
109 113 80 95 
108 112 80 96 
108 112 80 95 
109 113 80 95 
109 113 80 95 
108 113 80 95 
109 114 80 95 
109 114 80 95 
110 114 80 95 
110 112 80 95 
110 114 80 96 
110 112 80 95 
111 114 80 96 
111 115 80 95 
111 114 80 95 
110 115 80 95 
110 114 79 95 
111 113 80 95 
111 113 80 95 
109 111 80 96 
111 114 80 96 
111 113 80 96 
114 112 80 95 
115 112 80 95 
115 111 80 95 
117 110 79 95 
116 108 80 95 
116 108 80 95 
118 110 80 96 
119 109 80 96 
119 108 80 95 
121 108 80 95 
122 110 80 96 
124 109 80 95 
124 109 80 95 
125 109 80 95 
125 109 80 95 
125 108 80 95 
126 108 80 96 
128 108 80 96 
131 110 80 96 
131 109 80 96 
133 109 80 95 
134 108 80 95 
134 108 80 95 
134 108 80 95 
138 109 80 96 
138 108 79 95 
140 107 79 95 
141 109 79 94 
140 108 79 94 
145 109 78 94 
145 109 78 94 
146 110 78 94 
147 110 79 94 
150 110 79 94 
150 110 79 94 
151 109 78 94 
152 110 79 94 
152 109 78 94 
153 109 78 93 
154 108 78 93 
155 110 78 93 
155 110 78 93 
156 111 78 93 
157 109 78 93 
159 108 78 93 
157 109 78 93 
158 110 78 93 
161 110 78 93 
161 112 78 93 
161 112 78 93 
162 112 77 93 
163 113 77 93 
163 114 77 92 
165 114 78 93 
167 115 78 93 
168 116 78 93 
169 117 78 93 
174 116 78 93 
174 116 77 92 
176 116 77 92 
179 117 77 92 
179 117 77 92 
180 118 76 91 
178 120 76 91 
179 122 76 91 
179 122 76 91 
177 124 76 91 
179 124 77 92 
177 125 77 92 
177 128 77 92 
177 129 77 92 
180 132 77 92 
181 137 77 92 
183 142 76 91 
184 140 76 91 
181 136 76 91 
182 133 77 92 
184 130 77 92 
181 128 77 92 
179 123 77 92 
181 121 77 92 
181 123 76 91 
181 123 76 91 
178 118 76 91 
173 119 76 91 
178 120 77 91 
177 123 76 91 
176 123 76 91 
174 122 77 91 
177 123 77 92 
177 124 77 92 
176 123 78 93 
176 123 78 93 
176 123 78 93 
176 123 78 93 
176 123 78 93 
176 124 78 93 
176 124 78 93 
177 124 78 93 
177 125 78 93 
177 126 78 94 
177 126 78 94 
176 126 78 94 
176 127 78 93 
170 129 78 94 
171 131 78 94 
170 130 78 93 
171 130 78 93 
168 130 78 94 
173 128 78 93 
173 128 78 93 
172 127 77 93 
173 127 77 92 
173 125 77 92 
173 126 77 92 
175 127 77 92 
173 128 77 92 
172 127 77 93 
172 127 78 93 
174 126 77 93 
173 126 77 92 
171 126 77 92 
172 127 77 92 
173 128 77 92 
172 127 77 92 
172 127 77 92 
174 127 77 92 
173 127 77 92 
173 127 77 92 
173 127 77 92 
175 128 77 93 
177 125 77 93 
176 129 78 93 
176 125 77 93 
176 125 77 93 
178 125 77 92 
178 125 77 92 
177 124 78 93 
176 125 77 93 
174 124 77 93 
171 122 77 92 
166 120 77 92 
166 121 77 92 
159 121 77 93 
156 122 77 92 
158 123 77 92 
157 124 77 92 
157 124 77 92 
156 126 77 92 
157 128 77 92 
155 129 77 92 
154 129 77 92 
154 129 77 91 
156 130 76 91 
159 132 76 91 
159 132 77 92 
161 133 77 91 
161 133 77 91 
161 135 77 92 
161 135 77 92 
162 136 77 92 
162 138 77 92 
162 137 77 92 
162 137 77 92 
161 137 77 92 
161 137 77 92 
161 136 77 92 
161 136 77 92 
161 136 77 92 
161 136 77 92 
159 136 77 92 
161 136 77 92 
161 135 77 92 
160 135 76 91 
160 135 77 91 
160 135 77 91 
160 133 77 92 
160 133 77 92 
160 134 77 92 
160 134 77 92 
160 134 77 92 
161 133 77 91 
160 133 76 91 
160 133 76 91 
161 133 76 90 
163 132 75 90 
160 132 75 90 
164 133 75 90 
165 132 75 90 
165 133 75 89 
165 133 75 90 
165 133 75 90 
161 133 76 90 
162 133 75 90 
164 133 75 90 
164 132 75 90 
161 132 75 90 
160 132 75 89 
162 132 75 90 
164 130 75 90 
163 130 75 89 
164 131 75 89 
163 130 74 89 
163 130 74 89 
165 131 74 88 
162 130 73 88 
163 130 73 87 
162 131 73 88 
163 131 74 88 
162 131 73 88 
162 131 73 88 
164 131 73 88 
162 131 73 88 
162 131 73 88 
162 131 73 87 
162 131 73 87 
162 131 73 87 
162 131 73 87 
161 131 73 88 
161 131 73 88 
160 133 73 88 
160 133 73 88 
162 135 73 87 
161 136 74 88 
161 132 73 88 
160 133 73 88 
160 135 73 87 
159 133 73 87 
159 134 73 87 
159 132 73 87 
159 134 73 87 
159 135 73 87 
158 132 73 87 
159 135 73 87 
161 132 72 87 
161 133 72 86 
160 133 73 87 
160 131 73 87 
160 131 73 87 
160 133 72 86 
161 133 72 86 
161 133 72 86 
161 133 72 86 
161 133 72 86 
161 132 72 86 
161 131 72 85 
161 131 72 86 
161 131 72 86 
161 131 72 86 
161 131 72 86 
162 131 72 86 
162 130 72 86 
162 130 72 86 
162 130 72 86 
162 129 71 85 
162 128 71 85 
163 129 71 85 
164 128 71 85 
164 128 71 85 
164 128 71 85 
164 127 71 85 
162 126 72 86 
164 126 71 85 
166 125 72 85 
166 124 72 86 
166 124 72 86 
165 123 72 86 
163 123 72 86 
164 121 72 86 
163 122 72 85 
163 121 72 86 
163 122 71 85 
164 121 71 85 
164 121 71 85 
164 121 71 85 
165 121 71 85 
165 121 71 85 
165 121 72 86 
165 121 72 86 
165 121 72 86 
165 122 72 86 
165 122 72 86 
165 122 72 86 
165 122 72 86 
166 123 72 86 
164 123 72 86 
164 123 72 87 
164 123 72 86 
163 122 72 86 
162 124 72 86 
162 124 72 86 
162 123 72 86 
162 123 72 86 
162 123 72 86 
161 123 72 86 
161 123 72 86 
161 125 72 86 
161 125 72 86 
162 124 72 86 
162 124 72 86 
161 125 72 86 
161 125 72 86 
161 125 72 86 
162 125 72 86 
162 125 72 86 
162 125 72 86 
162 125 72 86 
160 125 72 86 
160 124 71 85 
160 124 72 86 
160 124 72 86 
158 124 72 86 
