270 130 76 84 
281 132 75 83 
291 137 75 82 
297 142 75 83 
305 146 75 83 
314 148 75 83 
323 148 75 83 
331 151 75 83 
336 153 75 83 
341 158 75 83 
346 158 75 83 
349 157 75 83 
349 155 75 83 
342 146 75 83 
331 140 75 83 
318 135 74 82 
304 130 74 82 
284 126 74 82 
271 123 74 82 
259 121 74 82 
246 123 75 83 
238 124 75 83 
230 127 75 83 
228 128 76 83 
235 132 76 84 
249 131 76 83 
268 141 76 83 
282 145 76 84 
299 150 76 84 
302 143 76 84 
314 134 76 83 
323 118 76 84 
331 117 75 83 
339 130 75 83 
336 150 75 83 
329 155 75 83 
322 156 75 83 
317 152 75 83 
303 148 75 83 
288 142 75 83 
274 132 75 83 
263 123 75 83 
257 114 75 83 
269 110 76 84 
283 105 76 83 
305 110 76 84 
334 109 76 84 
354 111 75 83 
377 113 75 83 
383 117 76 84 
385 122 76 84 
377 128 76 84 
364 134 76 84 
341 141 76 84 
318 146 76 83 
292 150 75 83 
269 146 75 83 
245 139 76 84 
225 143 76 84 
217 144 75 83 
213 150 76 84 
205 145 76 84 
207 133 76 83 
229 115 75 83 
246 98 75 83 
265 86 75 83 
289 82 75 83 
314 80 75 83 
344 80 76 84 
351 82 76 83 
339 87 76 84 
318 107 76 84 
325 115 75 83 
340 121 75 83 
362 127 75 83 
386 127 76 83 
405 118 76 84 
417 111 76 83 
416 94 76 84 
398 88 76 83 
379 90 75 83 
355 101 75 83 
329 102 75 83 
305 107 75 83 
293 93 75 83 
277 107 75 83 
263 86 76 84 
294 107 76 84 
282 149 76 84 
262 129 75 83 
253 114 75 83 
241 111 75 83 
235 116 75 83 
223 114 75 83 
215 130 75 83 
248 138 76 84 
248 146 76 84 
253 146 76 84 
212 163 76 84 
217 135 76 84 
182 133 76 84 
182 140 76 84 
189 145 76 84 
194 150 76 84 
197 154 76 84 
188 149 76 84 
193 152 76 84 
190 152 76 84 
199 146 76 84 
223 143 76 84 
240 136 76 84 
268 147 76 84 
281 147 76 84 
305 148 76 84 
323 146 76 84 
342 143 76 84 
358 137 76 84 
374 135 76 84 
391 130 76 84 
399 133 76 84 
402 134 76 84 
397 136 76 84 
398 142 76 84 
394 144 76 84 
397 143 76 84 
400 140 76 84 
402 132 76 84 
404 124 76 84 
384 111 76 84 
371 106 76 84 
352 105 76 84 
338 104 76 84 
309 106 76 84 
278 107 76 84 
265 112 76 84 
252 109 76 84 
234 117 76 84 
235 102 76 84 
206 127 76 84 
196 130 76 84 
179 129 76 85 
173 133 77 85 
160 133 77 85 
150 135 77 85 
148 132 77 85 
150 130 77 85 
152 129 77 85 
168 128 77 85 
189 129 76 84 
162 127 76 85 
195 128 77 85 
232 122 77 85 
267 123 76 84 
292 122 76 84 
311 111 76 84 
329 100 76 84 
349 92 76 84 
364 83 76 84 
365 78 76 84 
361 79 76 84 
353 84 77 85 
345 86 76 84 
335 75 77 85 
317 58 76 85 
313 63 76 84 
297 74 76 84 
291 85 76 84 
277 90 76 84 
269 93 76 84 
269 110 76 84 
249 113 76 84 
232 116 76 84 
192 137 76 84 
190 114 76 84 
186 116 76 84 
191 116 76 84 
200 115 76 84 
212 117 76 84 
228 116 76 84 
248 146 76 84 
266 125 76 84 
281 105 76 83 
271 101 76 84 
254 104 76 84 
242 104 76 84 
243 96 76 84 
262 85 76 84 
282 84 76 84 
287 92 76 84 
288 112 76 84 
291 137 76 84 
285 147 75 83 
291 146 75 83 
304 142 76 84 
320 136 76 84 
330 129 76 84 
331 123 76 84 
311 119 76 84 
294 116 76 84 
294 106 76 84 
295 94 76 84 
276 83 77 85 
254 86 77 85 
230 106 77 85 
245 123 77 85 
258 127 77 85 
277 122 77 85 
289 113 77 85 
287 101 77 85 
278 93 76 84 
261 94 76 84 
236 116 76 84 
244 143 76 84 
230 146 75 83 
246 155 75 83 
263 137 76 84 
290 150 75 83 
319 131 75 83 
343 108 76 84 
363 94 75 83 
376 88 75 83 
374 94 75 83 
360 109 75 83 
333 121 76 84 
309 137 76 83 
323 142 76 84 
299 131 75 83 
270 129 76 84 
286 113 76 84 
299 116 76 84 
298 125 76 84 
288 132 76 84 
277 133 76 84 
245 134 76 84 
226 131 77 85 
212 141 77 85 
207 140 77 85 
215 139 77 85 
237 122 77 85 
275 121 76 84 
296 116 76 84 
312 123 76 84 
329 130 76 84 
343 135 76 84 
338 138 76 84 
319 145 76 84 
294 155 76 84 
273 160 77 85 
260 163 77 85 
251 158 76 84 
251 154 76 84 
254 138 76 84 
256 142 75 83 
273 132 75 83 
302 115 75 83 
326 105 75 83 
338 97 75 83 
333 95 76 83 
324 96 76 84 
325 103 76 84 
332 108 76 84 
344 111 76 84 
354 107 76 84 
361 96 76 84 
363 82 76 84 
365 77 76 84 
361 83 76 84 
363 90 77 85 
366 97 77 85 
363 103 76 84 
353 107 77 85 
353 107 77 85 
353 101 76 85 
358 92 76 84 
361 75 76 84 
366 60 76 84 
367 47 76 84 
360 42 76 84 
351 42 75 83 
340 41 75 83 
339 49 75 82 
329 49 74 82 
329 62 74 82 
329 75 74 82 
324 88 74 82 
316 113 74 82 
305 129 74 82 
293 136 73 81 
276 138 73 81 
261 138 73 81 
241 128 74 81 
224 116 74 81 
230 107 74 81 
230 101 74 81 
239 94 74 82 
252 96 74 82 
252 87 74 82 
272 90 74 82 
285 87 73 81 
279 95 74 81 
238 98 73 81 
251 88 73 81 
276 89 73 81 
281 70 74 81 
285 54 73 81 
276 49 73 81 
249 55 73 81 
227 71 73 80 
197 87 73 80 
197 103 73 80 
229 105 73 80 
230 115 73 80 
270 128 73 80 
302 141 73 81 
324 136 73 81 
318 146 73 80 
306 154 73 81 
290 163 73 81 
280 179 73 81 
273 184 73 81 
281 169 73 81 
295 146 74 81 
285 165 74 82 
300 160 74 82 
274 156 74 81 
261 142 74 81 
298 124 73 81 
313 82 74 82 
303 79 74 81 
273 83 74 81 
284 85 74 81 
272 107 74 81 
270 133 73 81 
264 147 74 82 
269 147 74 82 
285 137 74 82 
301 128 74 81 
276 148 73 81 
282 127 74 81 
270 99 74 81 
238 107 73 81 
246 125 73 81 
208 130 73 81 
191 154 73 81 
203 161 73 81 
234 172 73 81 
238 174 72 80 
248 165 72 80 
251 159 72 80 
246 161 72 80 
246 159 72 80 
243 163 72 79 
248 160 72 80 
246 160 72 79 
