100 265 35 131 
101 265 35 131 
104 264 35 130 
108 264 35 131 
114 265 35 131 
121 266 35 130 
124 268 35 131 
127 268 34 128 
130 269 35 130 
131 268 35 131 
132 267 35 130 
135 268 35 129 
137 269 35 130 
140 265 35 129 
143 266 35 132 
145 266 35 131 
149 265 35 133 
156 270 35 132 
160 266 35 132 
164 267 35 132 
169 266 35 132 
174 269 35 132 
174 267 35 131 
174 262 35 131 
180 261 35 131 
179 259 35 131 
187 265 36 133 
191 263 36 134 
195 267 35 132 
196 261 35 132 
200 260 35 133 
202 261 36 133 
204 258 36 133 
209 259 36 133 
209 259 36 133 
213 259 35 132 
218 260 35 132 
224 260 36 133 
231 258 35 132 
235 260 35 130 
241 259 35 130 
245 260 35 131 
248 258 35 130 
251 256 35 130 
255 256 35 131 
258 254 35 130 
261 253 35 130 
266 254 35 130 
270 254 35 131 
277 254 35 132 
281 254 36 133 
286 255 35 133 
291 256 35 132 
295 257 36 133 
299 256 36 133 
306 257 36 134 
309 259 36 135 
315 258 36 134 
320 258 36 133 
324 258 36 133 
328 259 36 133 
334 259 36 133 
339 259 36 133 
341 255 36 133 
347 257 36 133 
351 258 36 133 
356 259 35 133 
360 259 36 133 
364 260 35 132 
370 262 35 133 
374 261 36 134 
378 263 35 133 
384 260 36 134 
385 260 36 135 
388 263 36 135 
392 262 36 134 
394 265 36 134 
399 265 36 135 
405 265 36 135 
408 263 36 136 
410 262 37 137 
412 261 36 135 
412 261 36 135 
409 256 36 135 
411 263 36 134 
411 263 36 134 
406 258 36 133 
402 258 35 132 
402 263 35 132 
399 257 35 131 
398 258 35 129 
396 259 34 128 
393 258 34 128 
391 262 34 127 
386 260 34 127 
384 261 34 128 
382 262 34 127 
380 262 34 127 
383 264 34 126 
383 264 34 126 
383 262 34 127 
384 263 34 127 
387 264 34 125 
387 264 34 125 
386 264 34 126 
386 265 34 125 
385 267 33 125 
386 268 33 124 
386 268 33 124 
385 271 34 126 
385 271 34 126 
384 271 34 126 
385 271 33 125 
390 270 34 126 
389 269 34 125 
389 268 33 125 
391 267 33 124 
389 267 33 123 
389 268 33 123 
391 271 33 124 
395 272 33 125 
394 273 34 127 
394 274 34 129 
399 276 34 129 
403 275 34 128 
408 272 34 128 
414 274 34 128 
420 274 34 128 
428 273 34 127 
438 274 34 128 
449 271 34 126 
460 273 33 124 
465 271 33 123 
469 275 33 123 
477 270 33 124 
486 267 33 123 
493 270 33 123 
495 269 33 124 
497 269 33 124 
497 269 33 124 
503 269 33 124 
512 267 33 124 
523 267 33 125 
528 269 33 125 
529 266 33 124 
537 268 33 124 
541 268 33 125 
546 268 33 125 
547 266 34 127 
550 271 34 127 
552 269 34 128 
547 270 34 126 
545 271 34 125 
539 270 34 126 
532 266 33 125 
523 266 34 126 
514 267 33 125 
504 272 34 126 
496 265 33 125 
490 268 34 126 
484 269 34 126 
481 269 34 127 
476 268 34 126 
473 265 34 126 
473 264 34 127 
473 262 33 125 
474 261 34 126 
476 259 34 126 
474 261 33 125 
474 262 33 124 
470 261 34 126 
470 263 34 126 
467 259 33 125 
464 258 33 124 
463 257 33 124 
461 256 33 124 
460 255 33 123 
458 257 32 121 
454 257 33 122 
452 257 33 122 
447 258 33 122 
444 259 33 124 
440 258 33 123 
436 256 33 123 
432 253 33 122 
431 249 32 122 
429 242 32 121 
422 260 32 121 
422 256 32 121 
424 254 33 123 
418 256 33 123 
417 254 33 122 
412 252 33 122 
409 251 33 122 
409 249 33 122 
405 251 32 121 
401 254 32 120 
400 254 32 120 
398 252 32 121 
398 254 32 120 
394 254 32 120 
393 256 32 120 
391 252 32 121 
389 254 32 121 
386 255 32 120 
386 251 32 118 
386 251 32 118 
385 253 31 118 
385 255 32 118 
383 257 32 118 
383 257 32 118 
382 257 32 118 
381 256 32 119 
380 254 32 119 
378 254 32 120 
377 255 32 121 
375 252 32 121 
373 252 33 122 
371 252 32 121 
370 251 32 118 
367 252 31 117 
365 252 31 118 
363 251 32 118 
362 249 31 118 
362 249 31 116 
358 249 31 116 
358 250 31 116 
356 252 31 115 
353 253 30 114 
351 253 30 114 
347 252 31 114 
346 251 31 114 
344 249 31 116 
344 249 31 116 
344 249 31 116 
339 251 31 116 
339 250 31 116 
340 247 30 114 
338 247 30 113 
336 245 30 113 
332 244 30 112 
332 242 30 111 
329 239 29 110 
329 236 30 110 
326 237 30 112 
322 237 30 112 
318 237 30 114 
314 238 30 114 
310 241 31 115 
306 242 31 115 
301 244 31 116 
297 243 31 116 
