255 170 61 71 
252 170 61 71 
249 172 61 71 
246 170 61 71 
245 168 61 71 
244 167 61 71 
242 163 60 70 
241 160 60 70 
239 157 60 70 
238 155 60 70 
235 152 60 70 
231 150 60 70 
230 147 60 70 
229 138 60 70 
225 137 60 70 
231 136 60 70 
228 138 61 71 
227 138 61 71 
224 138 61 70 
223 134 61 71 
228 119 60 70 
223 120 60 70 
225 121 60 70 
224 124 60 70 
225 129 59 69 
227 135 60 70 
229 140 60 70 
230 140 60 70 
230 146 59 69 
235 144 59 69 
235 141 59 69 
234 138 59 69 
236 134 59 69 
237 127 59 68 
239 118 59 68 
241 114 59 68 
243 112 59 69 
245 108 58 68 
246 111 58 68 
246 110 58 68 
247 102 59 68 
248 104 58 68 
249 109 59 68 
249 112 59 69 
248 116 59 69 
248 121 59 69 
249 128 59 68 
251 137 59 69 
253 145 59 68 
253 154 58 68 
254 157 58 68 
255 163 58 68 
257 164 59 68 
259 160 58 68 
262 154 58 68 
263 146 58 68 
265 138 59 68 
278 115 59 69 
254 84 59 68 
256 44 59 69 
273 34 59 69 
274 36 59 69 
265 34 59 69 
283 34 59 69 
287 36 59 68 
271 34 58 68 
274 34 58 68 
270 38 58 68 
267 36 59 68 
226 34 59 69 
205 34 59 68 
215 34 58 68 
207 34 58 68 
218 34 58 67 
219 34 58 67 
218 33 57 67 
216 33 57 67 
209 33 57 67 
220 33 57 66 
222 33 57 66 
219 35 57 66 
221 33 57 66 
221 33 57 66 
219 33 57 66 
221 33 57 66 
219 33 57 66 
205 33 57 66 
210 33 57 66 
213 33 57 66 
210 33 57 66 
210 34 58 67 
213 34 58 67 
221 34 58 67 
227 55 58 68 
240 88 58 68 
276 107 58 68 
285 120 58 68 
281 127 59 68 
279 136 59 68 
277 142 59 68 
272 151 59 68 
274 136 58 68 
265 122 58 68 
265 105 58 68 
270 102 59 68 
271 95 59 68 
271 91 59 68 
273 83 59 69 
275 83 59 69 
277 91 59 69 
280 96 59 68 
278 100 59 69 
283 100 60 69 
283 103 60 69 
282 111 59 69 
277 111 59 69 
276 112 59 69 
276 114 59 68 
274 117 59 69 
272 124 59 69 
271 130 60 69 
271 134 60 69 
269 142 60 70 
270 144 60 70 
272 143 60 70 
274 138 60 70 
276 123 60 70 
279 111 60 70 
285 105 61 70 
288 102 60 70 
291 104 60 70 
295 106 60 70 
299 108 60 70 
297 107 60 70 
300 117 60 70 
298 116 59 69 
300 123 59 69 
300 123 59 69 
294 126 59 68 
295 124 59 68 
293 127 58 68 
287 137 58 68 
284 138 58 68 
280 140 58 68 
279 146 58 68 
268 142 58 68 
268 149 58 68 
265 147 58 68 
264 137 58 68 
269 128 59 68 
269 128 59 68 
276 116 59 68 
276 104 59 69 
281 101 59 69 
286 100 59 68 
284 104 59 69 
285 102 59 69 
284 111 59 69 
283 117 59 68 
281 122 59 69 
279 123 59 68 
280 125 59 68 
276 125 59 69 
270 123 60 69 
268 126 59 69 
268 120 59 69 
265 126 59 69 
264 136 59 69 
259 144 59 69 
254 127 60 69 
252 134 60 70 
254 129 60 70 
254 131 60 70 
258 131 60 70 
261 123 60 70 
266 110 60 70 
269 101 60 69 
274 96 60 69 
274 96 60 69 
275 100 59 69 
276 97 59 69 
273 109 59 69 
277 110 59 69 
277 117 59 68 
274 121 59 68 
274 121 59 68 
272 122 59 68 
269 127 59 68 
269 130 59 68 
266 128 59 69 
265 133 59 68 
263 138 59 69 
256 143 59 69 
261 150 59 69 
247 133 58 68 
258 122 58 68 
250 112 59 68 
249 100 58 68 
250 107 59 68 
247 97 59 68 
245 96 59 68 
244 91 59 68 
242 88 59 68 
242 86 59 68 
242 86 59 68 
242 86 59 68 
242 90 59 69 
241 92 59 69 
242 97 59 68 
242 102 59 68 
242 109 58 68 
242 113 58 68 
241 120 58 67 
241 125 58 68 
242 129 59 69 
245 133 59 69 
248 139 60 69 
248 139 60 69 
250 142 60 70 
252 140 59 69 
254 134 59 69 
256 125 59 69 
259 119 59 69 
259 112 60 69 
260 107 59 69 
259 101 59 69 
263 94 60 70 
263 89 60 70 
267 83 60 70 
269 76 60 70 
272 72 60 70 
272 68 60 69 
276 71 60 70 
278 73 60 70 
278 68 60 70 
279 73 60 70 
279 74 60 70 
279 77 60 70 
280 82 60 70 
277 90 60 70 
274 104 60 70 
271 114 61 71 
268 121 61 71 
257 109 61 71 
246 103 61 71 
243 95 61 71 
257 88 61 71 
249 86 61 71 
254 92 61 71 
249 86 61 71 
244 92 61 71 
240 84 61 71 
235 78 61 71 
237 81 61 71 
235 83 61 71 
232 86 60 70 
227 89 60 70 
224 91 60 70 
221 94 60 70 
217 98 60 70 
213 104 61 71 
212 105 61 71 
206 119 60 70 
204 125 61 71 
200 142 60 70 
208 142 60 70 
203 144 61 70 
207 138 60 70 
209 127 60 70 
217 113 60 70 
219 102 60 70 
223 92 60 69 
224 82 60 70 
229 77 60 69 
233 73 60 70 
236 69 60 70 
241 66 60 70 
247 65 61 70 
252 64 60 70 
260 56 60 69 
264 60 60 70 
266 63 60 70 
278 70 60 70 
272 70 60 70 
271 79 60 70 
276 87 60 70 
275 94 60 70 
279 105 60 70 
274 111 60 70 
268 117 60 70 
257 112 60 70 
233 106 60 70 
234 95 61 71 
231 111 61 71 
224 104 61 71 
222 79 61 71 
218 66 61 71 
214 66 61 71 
210 62 61 72 
210 62 61 72 
218 68 62 72 
206 56 62 72 
206 40 62 72 
202 39 61 72 
199 61 62 72 
197 68 62 72 
184 77 62 72 
186 89 62 73 
186 98 62 73 
182 104 63 73 
179 116 63 73 
179 127 63 73 
185 126 63 73 
188 125 63 73 
191 123 63 73 
192 113 63 73 
186 105 63 73 
194 89 63 73 
195 78 62 73 
197 72 62 72 
200 60 62 72 
204 60 61 71 
207 61 61 71 
210 60 61 70 
213 60 60 70 
215 63 59 69 
216 62 60 69 
216 66 60 69 
218 70 60 70 
217 74 60 70 
218 80 60 70 
219 85 60 70 
220 92 60 70 
220 98 60 70 
221 109 60 70 
220 112 61 71 
221 114 60 70 
221 117 60 70 
219 111 60 70 
216 108 60 70 
217 102 60 70 
217 96 61 71 
215 91 61 71 
213 85 61 71 
213 85 61 71 
213 86 61 71 
213 84 61 71 
211 84 60 70 
211 82 60 70 
210 80 60 70 
208 81 60 70 
202 90 60 70 
201 89 60 70 
190 82 60 70 
192 88 61 71 
190 85 60 70 
190 93 60 70 
194 106 60 70 
192 110 60 70 
183 117 61 70 
185 127 60 70 
176 132 60 70 
176 140 60 70 
173 142 60 70 
171 139 60 70 
