164 130 51 36 
165 130 51 36 
164 133 51 36 
164 133 51 36 
164 135 50 36 
164 136 50 35 
165 136 50 35 
165 136 50 35 
164 138 50 35 
164 136 50 35 
163 136 50 36 
163 137 51 36 
161 137 51 36 
162 138 51 36 
161 137 51 36 
161 137 51 36 
162 135 51 36 
162 134 51 36 
162 135 52 37 
162 133 52 37 
161 134 52 37 
162 133 51 36 
161 131 52 37 
161 132 52 37 
162 131 52 37 
162 129 52 37 
162 129 52 37 
163 130 52 37 
163 129 52 37 
164 129 52 37 
165 128 52 37 
165 128 52 37 
166 128 52 37 
166 125 52 37 
167 127 52 37 
168 128 52 36 
168 125 51 36 
172 125 51 36 
173 124 51 36 
175 125 51 36 
178 125 51 36 
181 124 51 36 
184 125 52 36 
187 125 51 36 
189 127 52 36 
192 129 52 36 
194 130 52 36 
194 130 52 37 
197 127 52 37 
198 128 52 36 
201 127 51 36 
203 123 51 36 
205 123 51 36 
208 122 51 36 
209 121 52 36 
210 119 51 36 
210 116 51 36 
211 116 52 36 
212 116 52 36 
213 115 52 36 
214 117 52 37 
215 118 52 36 
215 119 51 36 
216 120 51 36 
216 120 51 36 
215 121 52 36 
215 121 52 36 
215 121 52 36 
216 121 52 37 
216 121 52 37 
215 120 51 36 
215 122 51 36 
215 122 51 36 
213 121 51 36 
213 122 51 36 
213 121 52 37 
212 121 52 37 
211 119 52 37 
211 119 52 37 
210 119 52 37 
210 120 52 37 
208 118 52 37 
208 119 52 37 
205 117 52 37 
205 118 53 37 
205 118 53 37 
202 118 53 37 
202 117 53 37 
200 115 53 37 
198 116 53 37 
197 117 52 37 
197 118 52 37 
197 117 52 37 
197 120 52 37 
196 119 52 37 
196 119 52 37 
196 119 52 37 
196 121 52 37 
197 122 53 37 
197 122 53 37 
197 122 53 37 
198 122 52 37 
198 122 52 37 
196 121 52 37 
194 119 52 37 
194 119 52 37 
193 121 53 37 
191 121 53 37 
191 121 53 37 
193 122 53 37 
191 122 52 37 
190 121 53 37 
190 121 53 37 
190 121 53 37 
190 121 53 37 
190 119 52 37 
189 120 52 37 
189 119 52 37 
188 119 52 37 
188 117 52 37 
190 117 52 37 
189 116 52 37 
190 116 52 37 
189 113 52 37 
190 112 52 37 
189 111 52 37 
189 110 52 36 
189 107 52 37 
188 106 52 36 
189 106 52 37 
189 105 53 37 
190 104 52 37 
190 102 52 37 
190 102 52 37 
190 102 52 37 
190 102 52 37 
191 101 52 37 
192 100 52 36 
192 100 52 36 
192 100 52 36 
192 99 52 37 
192 97 52 37 
192 98 52 37 
192 96 52 37 
192 95 52 37 
193 95 52 37 
193 95 52 37 
194 95 52 37 
193 94 52 37 
193 94 52 37 
191 95 51 36 
191 95 51 36 
194 93 51 36 
193 92 51 36 
192 91 51 36 
193 91 51 36 
193 91 51 36 
192 92 51 36 
194 91 51 36 
194 91 51 36 
194 90 51 36 
195 90 51 36 
194 91 51 36 
194 91 51 36 
195 91 51 36 
193 91 51 36 
194 90 50 36 
194 90 50 36 
195 89 50 36 
194 91 50 36 
194 91 50 36 
193 93 51 36 
193 93 51 36 
195 93 50 36 
194 96 51 36 
194 94 51 36 
194 97 51 36 
194 97 51 36 
194 100 51 36 
193 99 51 36 
194 100 51 36 
194 100 51 36 
194 101 51 36 
194 101 51 36 
194 103 50 36 
195 107 50 36 
194 107 50 36 
195 107 50 36 
196 108 51 36 
195 111 51 36 
196 113 51 36 
196 112 51 36 
195 115 50 36 
197 114 50 35 
196 115 50 35 
198 118 51 36 
198 118 51 36 
198 116 51 36 
197 118 51 36 
197 119 51 36 
199 119 52 36 
198 120 51 36 
199 123 51 36 
198 123 51 36 
199 124 51 36 
198 127 51 36 
199 126 51 36 
200 128 52 37 
200 130 52 37 
200 129 52 37 
200 131 52 37 
201 131 52 37 
199 134 52 37 
201 135 52 37 
199 137 52 37 
200 138 52 37 
199 139 52 37 
200 142 52 37 
199 143 52 37 
199 145 53 37 
200 147 52 37 
201 149 53 37 
201 149 52 37 
201 149 52 37 
201 149 52 37 
200 151 53 37 
200 151 52 37 
200 152 51 36 
200 152 51 36 
200 152 51 36 
201 153 51 36 
200 152 51 36 
200 154 51 36 
200 152 52 36 
199 154 51 36 
199 153 51 36 
199 153 51 36 
199 153 51 36 
200 151 51 36 
199 152 51 36 
199 151 51 36 
199 147 51 36 
199 147 51 36 
198 143 50 35 
198 143 50 35 
198 140 50 35 
198 136 50 35 
197 135 50 35 
197 134 50 35 
198 133 50 35 
197 132 50 35 
197 131 50 35 
198 130 50 35 
198 130 50 35 
198 130 50 35 
198 130 50 35 
197 127 50 35 
196 127 50 35 
195 127 50 35 
194 126 50 35 
192 125 50 35 
190 126 50 35 
190 123 49 35 
191 122 50 35 
190 121 49 35 
192 119 49 35 
192 119 49 35 
194 117 49 35 
192 116 49 35 
192 116 50 35 
193 113 50 35 
193 113 50 35 
193 111 49 35 
193 111 49 35 
194 110 49 35 
195 111 50 35 
195 111 50 35 
195 111 50 35 
195 111 50 35 
197 110 50 35 
198 110 50 36 
198 111 51 36 
198 111 51 36 
197 112 51 36 
198 111 51 36 
198 111 51 36 
198 111 51 36 
199 111 50 35 
199 111 50 35 
199 111 50 35 
198 112 50 35 
199 112 50 35 
198 113 49 35 
198 113 49 35 
198 112 49 35 
198 112 49 35 
197 113 49 35 
196 113 49 35 
195 113 49 35 
196 113 49 35 
196 113 49 35 
195 114 49 35 
195 114 49 35 
197 114 49 35 
197 114 49 35 
197 114 49 35 
197 112 49 34 
196 114 49 35 
196 114 49 35 
197 113 49 35 
197 112 49 35 
197 112 50 35 
198 113 49 35 
198 112 49 35 
198 112 49 35 
198 113 49 35 
198 112 49 34 
198 112 49 34 
198 112 49 34 
198 111 49 34 
199 111 49 34 
199 112 49 35 
199 112 49 35 
202 113 49 35 
201 111 49 35 
201 111 49 35 
203 111 49 35 
203 111 49 35 
204 110 49 35 
204 110 49 35 
204 110 49 35 
204 110 49 35 
205 111 49 35 
205 112 49 35 
205 112 49 35 
207 111 49 35 
207 111 49 35 
207 112 49 35 
207 112 49 35 
209 112 49 35 
208 113 49 35 
209 112 49 35 
209 112 49 35 
209 112 49 35 
209 112 49 34 
209 112 49 35 
208 111 49 35 
208 111 49 35 
207 111 49 35 
207 111 49 35 
208 113 49 35 
207 113 49 34 
208 112 49 34 
207 113 49 34 
207 112 48 34 
208 112 48 34 
208 112 48 34 
209 113 48 34 
209 113 48 34 
211 112 48 34 
210 112 48 34 
210 112 48 34 
210 112 48 34 
211 111 48 34 
212 111 48 34 
212 111 48 34 
212 112 48 34 
213 112 48 34 
213 112 48 34 
214 112 48 34 
214 111 49 34 
215 111 49 34 
215 111 49 35 
216 111 49 35 
216 111 49 35 
217 112 49 35 
217 112 49 35 
218 111 49 34 
218 111 49 34 
218 111 49 34 
219 111 49 34 
218 113 49 35 
218 113 49 35 
218 113 49 34 
219 113 49 35 
219 113 49 35 
219 113 49 35 
219 113 49 35 
220 113 49 35 
220 113 49 35 
220 113 49 35 
220 114 50 35 
220 113 49 35 
220 114 49 35 
220 114 49 35 
221 114 49 35 
221 115 49 35 
222 115 49 35 
222 114 49 35 
222 114 49 35 
222 114 49 35 
221 112 49 34 
222 115 48 34 
222 115 48 34 
222 115 48 34 
224 115 48 34 
224 115 48 34 
223 114 48 34 
223 114 48 34 
223 114 48 34 
222 114 48 34 
222 113 48 34 
222 113 48 34 
222 113 48 34 
223 113 48 34 
223 113 48 34 
223 113 48 34 
223 113 48 34 
222 113 48 34 
223 112 48 34 
223 113 49 34 
223 113 48 34 
223 113 48 34 
223 113 48 34 
224 112 48 34 
224 112 48 34 
224 112 48 34 
224 112 48 34 
224 112 48 34 
224 112 48 34 
225 113 48 34 
225 113 48 34 
225 113 48 34 
225 113 48 34 
227 114 49 35 
227 114 49 35 
227 114 49 35 
226 113 49 35 
225 114 49 35 
225 113 49 35 
224 111 49 35 
223 114 49 35 
222 112 49 35 
221 111 49 35 
221 111 49 35 
218 113 49 34 
217 113 49 35 
218 112 50 35 
217 113 50 35 
216 112 50 35 
216 112 50 35 
214 112 50 35 
214 113 50 35 
214 113 50 35 
214 113 50 35 
213 112 50 35 
211 113 49 35 
211 113 49 35 
211 113 49 35 
211 112 49 35 
211 112 49 35 
211 112 49 35 
211 112 49 35 
210 113 49 35 
211 113 50 35 
211 113 50 35 
211 113 50 35 
211 113 49 35 
212 114 49 35 
213 114 49 34 
213 114 49 34 
214 113 48 34 
215 113 48 34 
216 114 48 34 
217 115 48 34 
217 115 48 34 
217 115 48 34 
218 115 48 34 
219 115 48 34 
219 115 48 34 
220 115 48 34 
220 116 48 34 
222 116 48 34 
224 116 48 34 
225 115 48 34 
226 115 48 34 
226 115 48 34 
228 115 48 34 
228 115 48 34 
231 116 48 34 
231 116 48 34 
232 114 48 34 
234 116 48 34 
235 116 48 34 
237 116 47 33 
237 116 47 33 
238 116 47 33 
238 116 47 33 
239 117 47 33 
239 116 47 33 
239 116 47 33 
237 117 46 33 
237 117 46 33 
235 118 46 33 
233 116 46 33 
232 115 46 33 
230 116 47 33 
228 116 47 33 
227 114 46 33 
224 115 46 32 
223 115 47 33 
223 113 47 33 
222 113 47 33 
220 113 46 33 
219 112 46 32 
218 114 46 32 
218 111 46 32 
217 111 46 32 
217 113 45 32 
217 112 45 32 
218 112 45 32 
217 110 45 32 
217 112 44 31 
216 111 45 31 
215 111 45 32 
215 112 45 31 
215 110 44 31 
213 110 44 31 
213 107 44 31 
213 107 44 31 
213 106 45 31 
212 104 44 31 
212 104 44 31 
211 102 45 32 
212 102 45 32 
212 102 45 32 
212 102 45 32 
211 102 45 31 
212 102 44 31 
212 102 45 32 
212 102 45 32 
213 100 45 32 
213 99 45 32 
213 99 45 32 
213 99 45 32 
213 98 45 32 
214 98 45 32 
214 98 45 32 
213 98 45 32 
214 99 45 32 
213 99 45 32 
213 99 45 32 
214 100 45 32 
214 102 45 32 
213 104 45 32 
213 104 45 32 
214 106 46 32 
214 108 45 32 
214 107 45 32 
213 110 45 32 
213 110 44 31 
212 113 44 31 
212 114 44 31 
212 116 44 31 
212 119 44 31 
212 120 44 31 
211 122 44 31 
211 124 44 31 
211 126 44 31 
210 128 44 31 
209 130 44 31 
208 133 44 31 
208 136 44 31 
207 137 43 31 
207 141 43 31 
205 144 44 31 
204 147 44 31 
205 149 44 31 
204 150 44 31 
203 151 44 31 
202 151 44 31 
201 152 44 31 
200 151 44 31 
200 150 44 31 
198 148 44 31 
198 148 44 31 
197 147 44 31 
195 145 44 31 
195 146 44 31 
194 144 44 31 
193 142 44 31 
194 141 44 31 
194 141 44 31 
194 141 44 31 
196 142 44 31 
196 143 45 31 
198 146 44 31 
197 143 45 32 
196 141 44 31 
194 137 44 31 
191 133 44 31 
188 131 45 31 
185 131 45 31 
183 132 44 31 
184 133 44 31 
184 134 44 31 
184 137 44 31 
188 137 45 31 
189 139 44 31 
190 140 44 31 
191 140 45 31 
191 139 44 31 
192 136 44 31 
189 134 44 31 
187 130 44 31 
188 128 44 31 
185 127 44 31 
185 127 44 31 
184 127 44 31 
184 124 44 31 
184 124 44 31 
181 125 44 31 
181 126 44 31 
181 126 44 31 
181 126 44 31 
180 124 44 31 
177 122 44 31 
177 120 44 31 
178 119 44 31 
177 117 44 31 
177 117 44 31 
179 117 44 31 
179 119 44 31 
178 120 44 31 
178 122 44 31 
180 120 43 31 
177 121 43 31 
178 119 43 31 
177 117 43 31 
175 116 43 30 
174 114 43 30 
175 114 43 30 
175 115 43 31 
177 115 43 31 
178 117 44 31 
175 119 43 31 
177 120 43 30 
177 123 43 31 
176 123 44 31 
178 123 43 31 
176 123 44 31 
176 125 44 31 
176 123 44 31 
174 119 44 31 
174 119 44 31 
174 119 44 31 
174 119 44 31 
175 118 44 31 
177 121 45 31 
180 122 44 31 
183 124 45 32 
184 123 45 32 
182 122 45 32 
182 124 45 32 
181 123 45 32 
178 120 45 32 
176 121 45 32 
173 120 44 31 
169 121 44 31 
167 124 45 32 
165 128 45 31 
165 129 45 32 
166 130 44 31 
167 131 44 31 
167 131 44 31 
165 131 43 31 
164 132 43 30 
164 130 43 30 
165 128 43 30 
169 128 44 31 
169 128 44 31 
172 127 44 31 
173 128 44 31 
175 128 44 31 
179 128 44 31 
181 128 43 31 
182 127 43 31 
181 127 43 31 
178 125 43 31 
175 125 43 30 
171 126 43 30 
166 128 43 30 
164 131 43 30 
164 135 43 31 
165 134 43 31 
165 135 43 31 
162 136 43 30 
162 137 43 31 
160 137 43 30 
157 137 43 30 
158 139 43 30 
159 138 43 31 
159 137 43 31 
162 137 43 30 
163 135 44 31 
161 135 44 31 
160 133 44 31 
158 131 44 31 
156 128 44 31 
150 125 44 31 
144 124 44 31 
139 122 44 31 
134 121 44 31 
130 120 44 31 
129 118 45 32 
129 118 45 32 
129 116 45 32 
131 118 45 32 
130 117 45 32 
130 117 45 32 
128 116 45 32 
128 116 45 32 
129 115 45 32 
131 116 45 32 
131 117 45 32 
131 117 45 32 
131 117 45 32 
131 117 45 32 
131 118 45 32 
128 117 45 32 
125 118 45 32 
120 119 45 32 
116 118 46 32 
108 115 45 32 
104 115 45 32 
103 116 46 32 
105 116 46 32 
111 117 46 33 
120 121 46 32 
131 122 46 32 
138 126 46 33 
141 127 47 33 
141 127 47 33 
138 127 47 33 
132 126 48 34 
130 125 47 33 
128 126 48 34 
128 123 48 34 
129 123 48 34 
133 127 48 34 
135 128 49 34 
140 128 48 34 
142 128 48 34 
144 128 48 34 
148 128 49 34 
152 128 48 34 
160 130 48 34 
165 131 49 35 
168 130 49 34 
169 130 49 34 
169 129 49 34 
169 129 49 34 
169 129 49 34 
172 129 49 35 
176 127 49 35 
185 126 49 35 
194 127 50 35 
201 127 49 35 
206 127 49 35 
209 128 49 35 
214 129 49 35 
218 130 49 34 
223 131 49 34 
227 131 49 34 
233 135 49 34 
236 133 48 34 
240 135 49 34 
244 134 48 34 
248 133 49 35 
253 134 49 34 
255 133 48 34 
259 132 48 34 
263 132 48 34 
266 132 49 34 
268 132 48 34 
269 131 48 34 
270 132 48 34 
272 132 48 34 
271 132 49 34 
271 131 48 34 
270 131 48 34 
272 131 48 34 
272 131 48 34 
271 131 48 34 
271 131 48 34 
269 132 48 34 
264 130 48 34 
258 130 48 34 
254 129 48 34 
250 127 48 34 
247 125 48 34 
248 126 48 34 
250 127 48 34 
250 129 49 34 
248 131 48 34 
244 130 48 34 
239 131 48 34 
234 130 48 34 
226 128 48 34 
220 128 49 34 
214 127 49 34 
210 125 49 34 
206 125 49 35 
202 124 49 35 
198 125 49 34 
193 125 48 34 
189 125 49 34 
186 125 49 35 
182 125 49 35 
180 125 49 35 
176 126 50 35 
173 126 50 35 
171 124 50 35 
169 126 50 35 
166 127 50 35 
164 127 50 35 
163 127 50 35 
160 130 50 36 
158 132 51 36 
157 133 51 36 
155 133 51 36 
154 131 52 36 
151 130 51 36 
149 129 52 36 
146 131 52 37 
145 131 52 37 
145 132 52 37 
144 129 52 37 
144 129 52 37 
145 126 52 37 
147 126 52 37 
147 126 52 37 
148 130 52 37 
147 135 52 37 
148 137 52 37 
148 141 52 37 
147 145 52 37 
145 144 52 37 
145 144 52 37 
145 138 52 37 
144 131 52 37 
145 126 53 37 
146 121 53 37 
146 114 53 37 
146 110 53 37 
149 109 52 37 
150 109 52 37 
155 111 52 37 
157 115 52 36 
159 121 52 37 
158 127 52 37 
156 133 52 37 
156 140 53 37 
155 139 53 37 
153 140 53 37 
155 136 53 37 
153 133 53 37 
153 130 53 37 
152 127 53 37 
152 123 53 37 
152 117 53 38 
152 110 53 37 
153 108 53 38 
154 107 53 37 
157 107 53 37 
157 111 53 37 
161 116 53 37 
165 123 52 37 
167 126 53 37 
169 128 53 37 
170 127 53 37 
172 125 53 37 
173 121 53 38 
171 115 53 38 
171 112 53 38 
171 111 54 38 
170 109 54 38 
168 108 54 38 
167 105 54 38 
167 105 54 38 
168 103 54 38 
167 99 54 38 
167 96 54 38 
167 96 54 38 
167 96 54 38 
169 99 54 38 
171 105 54 38 
171 111 53 38 
173 119 53 38 
174 122 54 38 
174 127 54 38 
173 126 53 38 
172 127 53 38 
171 123 53 38 
171 120 53 38 
172 118 54 38 
174 111 54 38 
174 111 54 38 
174 105 54 38 
175 103 54 38 
177 101 54 38 
177 99 54 38 
175 104 54 38 
178 113 54 38 
177 124 53 38 
175 134 54 38 
174 146 54 38 
174 153 54 38 
174 153 54 38 
172 147 54 38 
170 140 54 38 
169 135 54 38 
169 125 54 38 
169 116 54 38 
169 108 55 38 
170 104 55 38 
170 101 55 38 
170 105 55 39 
169 107 54 38 
167 115 54 38 
165 127 54 38 
163 140 54 38 
162 151 54 38 
160 157 54 38 
160 157 54 38 
157 151 55 39 
156 140 55 39 
155 129 55 39 
154 116 56 39 
154 107 56 39 
153 102 56 39 
151 99 55 39 
149 104 55 39 
148 112 55 39 
147 124 55 39 
144 140 55 39 
147 150 55 39 
148 151 55 39 
144 148 54 38 
142 140 54 38 
144 127 55 39 
146 114 55 39 
147 105 55 39 
147 92 55 39 
147 89 55 39 
146 83 55 39 
146 83 55 39 
144 86 55 39 
142 92 55 39 
141 102 55 39 
140 114 55 39 
139 126 54 38 
137 138 54 38 
137 147 55 39 
135 149 54 38 
133 144 55 39 
133 134 55 39 
133 123 55 39 
135 109 55 39 
136 101 55 39 
136 91 54 38 
138 86 54 38 
137 85 54 38 
138 87 54 38 
137 95 54 38 
137 108 54 38 
137 124 55 39 
136 143 55 39 
134 157 55 39 
132 166 55 39 
130 169 55 39 
129 161 55 39 
130 147 55 39 
131 137 56 39 
133 122 56 39 
136 110 56 39 
141 103 56 39 
141 96 56 39 
142 95 56 39 
143 99 55 39 
143 108 55 39 
144 123 56 39 
145 137 56 39 
143 153 56 39 
143 166 56 39 
142 171 56 40 
141 166 56 40 
140 154 56 39 
142 138 56 40 
144 123 56 40 
149 107 56 40 
149 95 56 40 
149 86 56 40 
149 82 56 40 
149 84 56 40 
148 93 57 40 
146 106 56 40 
146 122 56 40 
144 140 56 40 
142 149 57 40 
141 151 56 40 
139 147 56 40 
137 137 56 40 
138 119 56 40 
140 105 56 39 
142 91 56 40 
144 79 56 40 
146 73 57 40 
147 71 56 40 
147 71 56 40 
147 79 56 40 
145 92 56 40 
145 107 56 39 
146 128 56 39 
146 145 55 39 
145 157 55 39 
146 163 56 39 
148 160 55 39 
147 151 56 39 
146 139 56 39 
148 125 56 40 
150 111 56 40 
151 105 56 39 
150 97 56 40 
150 97 56 40 
153 102 56 39 
154 115 56 39 
152 131 56 39 
152 146 56 39 
152 156 56 39 
150 156 55 39 
150 149 55 39 
149 138 55 39 
152 127 55 39 
154 116 55 39 
154 109 55 39 
154 103 55 39 
154 103 54 38 
154 109 55 39 
152 124 55 39 
152 143 55 39 
149 160 55 39 
148 166 55 39 
147 160 55 39 
146 151 55 39 
148 140 55 39 
151 127 56 39 
156 108 56 39 
161 96 56 39 
163 87 56 40 
165 84 56 40 
167 83 56 40 
169 89 56 40 
171 99 56 40 
172 111 56 40 
171 119 56 39 
174 125 56 40 
176 125 56 39 
177 119 56 40 
179 108 56 39 
183 97 56 39 
185 85 55 39 
187 78 55 39 
191 72 55 39 
193 75 55 39 
195 80 55 39 
197 92 55 39 
197 105 55 38 
197 121 54 38 
195 138 54 38 
195 148 54 38 
194 148 54 38 
196 141 54 38 
198 126 54 38 
201 114 54 38 
204 99 54 38 
207 87 54 38 
209 78 54 38 
211 73 54 38 
212 70 54 38 
212 73 54 38 
213 79 54 38 
215 91 54 38 
215 107 54 38 
220 125 54 38 
221 138 54 38 
220 148 54 38 
219 148 54 38 
220 138 54 38 
219 128 55 39 
219 112 55 39 
221 98 55 39 
223 87 55 39 
226 79 55 39 
226 71 55 39 
225 69 55 39 
226 73 55 39 
225 78 55 39 
224 87 55 39 
223 98 55 39 
225 114 55 39 
226 128 54 38 
225 140 54 38 
223 144 55 39 
222 140 55 39 
222 133 55 38 
221 126 54 38 
220 114 55 39 
219 103 55 39 
222 93 55 39 
222 86 55 39 
222 83 54 38 
221 82 55 39 
219 83 55 39 
218 88 55 39 
219 98 55 39 
219 106 55 39 
220 116 55 39 
220 125 55 39 
219 129 55 39 
219 128 55 39 
217 123 55 39 
216 119 55 39 
215 110 55 39 
216 100 55 39 
217 95 55 39 
217 90 55 38 
216 93 55 39 
215 96 55 39 
217 102 55 39 
218 112 55 39 
217 124 55 39 
218 133 55 39 
215 141 55 39 
216 142 56 39 
216 138 56 39 
215 131 56 39 
217 122 56 39 
219 114 56 39 
222 110 56 39 
225 106 56 39 
225 101 56 39 
228 101 56 39 
229 104 56 39 
226 107 56 39 
226 115 56 39 
228 121 56 39 
229 127 55 39 
228 131 56 39 
227 132 56 40 
226 128 56 40 
226 122 56 40 
227 114 57 40 
227 108 57 40 
227 105 57 40 
227 102 57 40 
227 102 57 40 
229 103 57 40 
228 108 57 40 
229 114 57 40 
230 119 57 40 
230 124 57 40 
229 124 57 40 
228 123 57 40 
225 118 57 40 
224 115 57 40 
225 113 57 40 
223 111 57 41 
223 110 57 40 
220 112 57 40 
216 113 56 40 
213 115 56 40 
208 116 56 40 
209 118 56 40 
212 121 56 40 
216 123 57 40 
222 125 57 40 
230 127 57 40 
237 126 57 40 
243 128 57 40 
250 127 58 41 
255 128 57 41 
261 131 58 41 
266 132 57 40 
269 135 57 40 
272 136 57 40 
272 135 57 40 
272 136 57 40 
270 137 57 40 
269 135 56 40 
265 134 56 40 
263 133 56 39 
259 134 55 39 
254 130 55 39 
250 132 56 39 
245 129 56 39 
240 129 56 40 
235 128 56 39 
231 129 56 39 
226 125 56 39 
220 125 56 39 
216 121 55 39 
211 119 55 39 
207 120 55 39 
203 118 55 39 
199 116 55 39 
197 115 55 39 
195 115 55 39 
194 116 54 38 
194 114 55 39 
192 114 54 38 
191 114 54 38 
190 114 54 38 
190 114 54 38 
190 114 55 39 
190 114 55 39 
191 115 54 38 
191 115 54 38 
190 116 54 38 
190 116 54 38 
192 117 54 38 
194 118 54 38 
194 119 54 38 
195 119 54 38 
197 121 54 38 
198 122 55 38 
199 123 54 38 
201 126 54 38 
203 129 54 38 
205 129 54 38 
208 132 54 38 
210 133 53 38 
213 135 53 38 
214 138 53 38 
216 139 54 38 
217 140 53 38 
218 139 53 38 
220 142 53 38 
222 142 53 38 
225 145 53 38 
227 145 53 38 
228 147 53 37 
230 148 53 38 
230 147 53 38 
232 146 53 38 
234 147 53 37 
235 145 53 37 
236 143 52 37 
239 144 53 37 
241 144 52 37 
242 144 52 37 
243 143 52 37 
244 143 52 37 
245 144 52 36 
245 144 52 37 
247 145 52 36 
247 145 52 36 
248 146 51 36 
248 147 51 36 
249 147 51 36 
250 148 50 36 
251 149 50 35 
250 148 50 35 
251 148 51 36 
251 145 51 36 
251 147 51 36 
251 147 51 36 
252 145 51 36 
253 142 50 35 
253 142 50 35 
253 141 50 35 
253 139 50 35 
253 139 50 35 
253 138 50 36 
253 139 50 35 
253 138 50 35 
253 138 50 35 
254 139 50 35 
252 141 50 35 
251 141 51 36 
251 141 51 36 
251 142 51 36 
250 143 51 36 
253 141 51 36 
255 141 51 36 
255 141 51 36 
254 141 51 36 
254 141 51 36 
250 140 50 36 
247 141 50 35 
245 141 50 36 
241 141 51 36 
237 141 51 36 
233 140 51 36 
231 141 51 36 
228 138 51 36 
227 140 51 36 
226 139 51 36 
224 141 50 36 
224 138 50 35 
223 139 50 35 
223 139 50 35 
224 138 50 36 
223 139 51 36 
223 139 51 36 
225 139 50 35 
225 139 50 35 
224 140 50 35 
226 141 50 35 
226 139 50 35 
226 139 50 35 
227 139 50 35 
227 139 50 35 
230 137 50 35 
232 139 49 35 
232 142 50 35 
234 144 50 35 
235 147 50 35 
234 149 50 35 
235 151 50 35 
234 154 49 35 
234 156 49 35 
233 155 49 35 
233 155 49 35 
234 154 49 35 
235 156 49 35 
237 155 49 34 
238 155 48 34 
240 157 48 34 
241 157 48 34 
243 157 48 34 
243 157 48 34 
244 155 49 34 
245 155 49 34 
247 156 48 34 
250 159 48 34 
251 161 49 34 
250 168 49 34 
246 175 49 35 
243 189 49 34 
