175 150 114 162 
176 148 114 162 
175 148 114 162 
175 146 115 163 
175 146 115 163 
175 146 115 163 
175 145 115 163 
175 146 115 164 
175 146 115 164 
175 145 115 163 
174 146 115 163 
174 146 115 163 
173 147 115 163 
172 147 115 163 
171 147 115 163 
168 148 114 163 
167 149 114 163 
164 151 115 163 
161 151 115 163 
159 153 115 163 
155 153 114 162 
152 152 114 162 
150 151 114 162 
148 152 114 162 
148 152 114 162 
146 152 115 163 
146 153 115 163 
147 151 115 163 
147 151 115 163 
146 149 114 163 
146 145 114 163 
146 141 114 163 
147 140 113 161 
146 139 113 161 
147 139 113 161 
148 139 114 162 
146 141 113 161 
147 139 113 161 
149 138 113 160 
150 139 113 160 
151 139 113 161 
153 138 113 161 
155 139 113 161 
157 139 113 161 
158 139 114 161 
160 139 114 161 
161 139 114 162 
167 139 114 162 
167 139 114 162 
169 138 114 162 
172 138 114 162 
172 140 114 162 
175 141 114 162 
179 141 114 162 
180 144 114 163 
182 144 114 162 
183 147 114 162 
183 149 114 162 
184 151 115 163 
185 152 115 164 
184 143 115 163 
186 152 115 163 
187 153 114 162 
188 153 114 163 
189 155 115 163 
189 155 115 163 
189 153 115 163 
189 157 115 163 
190 156 115 163 
192 155 114 162 
191 159 114 162 
192 155 114 162 
193 156 114 162 
193 156 114 162 
193 156 114 162 
193 156 114 162 
193 156 114 162 
192 155 114 161 
192 155 114 162 
192 155 114 162 
190 153 114 162 
189 152 114 162 
189 153 114 162 
186 153 114 162 
186 153 114 162 
186 153 114 162 
185 153 114 162 
184 152 114 163 
182 153 114 162 
183 154 115 163 
181 154 114 162 
178 155 115 163 
178 154 115 163 
175 153 115 164 
173 155 116 164 
173 156 115 164 
171 157 115 164 
170 157 115 163 
171 157 115 163 
170 156 115 163 
170 156 114 162 
170 158 114 162 
169 157 114 162 
169 158 114 162 
169 158 114 162 
169 157 114 162 
168 157 114 162 
168 157 114 162 
168 156 115 163 
168 156 115 163 
168 159 114 163 
169 157 114 162 
168 157 114 162 
168 159 114 162 
168 156 114 162 
167 158 113 161 
167 158 113 161 
167 158 113 161 
167 159 114 161 
167 160 114 161 
166 158 113 161 
166 160 114 162 
166 158 113 161 
167 159 114 162 
166 157 114 161 
166 158 114 161 
166 158 114 161 
167 158 113 161 
166 157 113 161 
165 157 113 161 
165 158 114 161 
165 158 114 161 
164 157 113 161 
164 157 113 161 
164 155 113 161 
165 158 113 161 
167 160 114 162 
165 157 114 162 
164 157 114 162 
166 157 114 163 
165 158 114 163 
166 156 115 163 
164 156 115 163 
164 157 115 163 
165 156 115 163 
164 155 116 164 
163 152 116 164 
163 153 115 164 
163 153 115 164 
163 153 115 164 
161 153 115 164 
161 153 115 164 
161 153 115 164 
160 151 116 164 
160 151 115 164 
160 151 115 164 
161 151 115 164 
160 151 115 164 
159 150 116 164 
159 152 116 164 
159 152 116 165 
159 152 116 165 
159 151 116 165 
159 150 116 165 
159 151 116 165 
160 152 117 166 
160 152 117 166 
160 152 117 166 
160 153 117 166 
160 153 117 166 
161 152 117 166 
161 152 117 166 
161 152 117 166 
161 151 117 166 
162 150 117 166 
161 154 117 166 
160 151 116 165 
160 151 116 165 
160 155 116 165 
159 154 116 165 
158 157 116 164 
160 154 116 164 
156 159 115 164 
159 160 115 164 
158 158 115 164 
158 158 115 164 
159 163 115 164 
158 162 115 164 
158 162 115 164 
158 162 116 164 
157 162 116 164 
157 162 116 164 
157 163 116 164 
157 163 115 164 
159 162 115 164 
159 163 116 165 
159 163 116 165 
159 163 116 165 
159 164 115 164 
158 163 115 163 
158 164 115 163 
158 165 115 163 
158 162 114 163 
158 162 114 163 
158 163 114 162 
157 165 114 163 
157 165 114 163 
158 164 115 163 
157 163 114 163 
158 165 115 163 
156 168 114 162 
156 168 114 162 
155 169 115 163 
156 170 114 163 
157 172 115 163 
157 172 115 163 
157 172 115 163 
157 172 115 163 
157 172 115 163 
156 174 115 164 
157 171 115 163 
157 166 115 163 
156 166 115 164 
156 163 115 163 
157 155 115 163 
157 152 115 163 
158 146 115 163 
157 144 115 163 
159 139 115 163 
159 139 115 163 
158 134 115 163 
159 134 115 163 
159 132 115 163 
158 133 115 163 
157 131 115 163 
160 130 114 162 
158 130 114 162 
159 130 114 162 
158 131 114 162 
159 131 114 162 
160 133 114 162 
160 133 114 162 
161 134 114 161 
162 133 113 161 
162 134 114 161 
162 136 114 161 
163 136 113 161 
163 138 114 162 
164 138 114 162 
164 138 114 162 
165 140 114 163 
164 139 114 162 
165 141 114 162 
165 141 114 162 
166 144 114 161 
166 144 114 161 
166 144 114 161 
165 146 113 161 
165 146 113 161 
164 148 113 160 
164 149 113 160 
164 149 113 160 
164 151 113 160 
164 151 113 160 
164 151 113 160 
164 150 113 160 
163 152 113 161 
164 152 113 160 
164 152 113 160 
164 152 113 160 
164 152 113 160 
163 151 113 161 
163 151 113 161 
164 153 113 161 
163 152 113 161 
162 152 113 161 
160 154 113 161 
159 153 113 161 
164 151 113 160 
161 152 112 160 
159 153 112 160 
159 152 112 160 
159 152 112 160 
159 153 113 161 
159 153 113 160 
156 153 113 160 
155 154 112 159 
157 155 112 159 
154 153 112 159 
155 154 111 158 
153 154 111 158 
152 153 112 159 
153 153 111 158 
153 153 111 158 
152 153 112 159 
152 155 112 159 
153 155 112 159 
153 153 112 160 
154 155 112 160 
153 153 113 160 
153 153 113 160 
153 153 113 160 
152 153 113 160 
152 153 113 160 
152 154 113 160 
152 154 113 160 
151 154 112 160 
151 154 112 160 
150 154 113 160 
150 154 113 160 
153 153 112 160 
153 153 112 160 
153 153 112 160 
152 155 112 160 
152 155 112 159 
153 155 112 159 
153 155 112 159 
152 156 112 159 
152 156 112 159 
154 155 112 159 
154 155 112 159 
153 154 112 159 
153 154 112 159 
154 153 112 158 
153 150 111 158 
152 152 111 158 
153 152 111 158 
152 151 111 158 
152 151 111 158 
152 151 111 158 
150 150 112 158 
149 150 112 159 
148 148 112 158 
147 149 111 158 
147 150 111 158 
146 150 111 158 
146 150 111 158 
145 150 111 158 
144 148 111 157 
143 149 111 157 
143 149 111 157 
141 151 111 157 
139 150 110 157 
136 151 110 157 
135 153 110 156 
132 151 110 157 
131 153 110 157 
129 151 111 157 
128 151 111 157 
128 151 111 157 
127 151 110 157 
128 152 110 156 
130 152 110 156 
129 151 109 155 
131 151 109 155 
132 152 109 154 
132 150 108 154 
134 151 108 154 
134 152 109 155 
133 152 109 154 
134 152 109 155 
131 152 109 155 
133 152 109 155 
132 150 109 155 
133 152 109 155 
133 152 109 155 
134 150 109 155 
133 150 109 155 
134 149 109 155 
135 150 109 155 
135 151 109 154 
137 150 109 154 
139 150 109 154 
140 151 108 154 
141 149 108 154 
141 149 108 154 
141 149 108 154 
142 150 108 154 
144 151 108 154 
144 149 108 154 
146 151 108 154 
146 151 109 154 
147 150 108 154 
147 146 108 154 
147 146 108 154 
148 145 108 154 
148 145 108 154 
149 143 108 153 
149 145 108 153 
150 143 107 152 
149 144 107 152 
150 143 107 153 
149 144 107 153 
149 144 107 153 
149 144 107 152 
150 143 108 153 
149 143 108 153 
148 143 108 153 
147 141 107 153 
147 141 107 153 
147 140 108 153 
147 140 108 153 
147 140 108 153 
149 140 108 153 
150 143 107 153 
150 139 108 153 
150 138 107 152 
149 141 107 153 
154 143 107 152 
152 143 108 153 
154 141 107 153 
154 141 108 153 
153 142 107 153 
151 142 108 153 
151 142 108 153 
151 142 108 153 
151 144 108 153 
151 144 108 153 
151 144 108 153 
151 147 108 153 
151 148 108 153 
151 151 108 153 
151 151 108 153 
150 152 108 153 
150 154 107 152 
150 154 108 153 
150 153 108 153 
150 153 108 153 
150 153 108 153 
150 153 108 153 
150 153 108 153 
150 153 108 153 
149 153 108 153 
150 154 108 153 
149 153 108 154 
149 153 108 154 
149 154 108 153 
149 154 108 154 
151 153 108 153 
152 153 108 154 
150 154 108 153 
150 155 107 153 
151 154 107 152 
152 151 107 152 
152 152 107 152 
151 152 107 153 
150 153 107 153 
150 152 107 153 
149 155 107 152 
148 154 107 152 
150 151 107 152 
150 153 106 151 
149 153 106 151 
149 153 106 151 
149 153 106 151 
149 156 107 151 
149 157 106 151 
148 157 106 150 
148 154 105 150 
147 158 106 150 
148 158 106 150 
146 156 105 150 
147 156 105 150 
146 158 105 149 
146 158 105 149 
145 157 105 150 
146 156 105 150 
145 157 105 150 
146 159 105 150 
145 158 105 150 
145 160 105 149 
145 160 105 149 
145 160 105 149 
145 160 105 149 
144 159 105 149 
145 159 105 149 
145 159 105 149 
145 159 105 149 
144 159 105 149 
144 159 105 149 
144 159 105 150 
144 159 105 150 
145 159 106 150 
145 159 106 150 
145 159 106 150 
145 159 106 150 
145 160 105 150 
146 158 105 149 
146 158 105 149 
145 162 105 149 
146 160 105 150 
145 159 106 150 
145 161 106 150 
145 160 106 151 
145 159 106 151 
145 160 106 151 
145 160 106 151 
144 160 106 151 
144 160 106 151 
144 160 106 151 
144 160 106 151 
145 160 106 151 
144 161 106 151 
145 161 106 151 
144 162 106 151 
144 162 106 151 
144 162 106 151 
144 162 106 151 
144 162 106 150 
145 163 106 150 
144 161 105 150 
146 161 105 150 
145 161 106 150 
145 161 106 150 
144 162 106 150 
145 163 106 150 
145 161 105 150 
145 161 105 150 
144 162 106 150 
144 160 106 150 
144 160 106 150 
144 160 106 150 
144 160 106 150 
143 160 105 150 
143 160 105 150 
143 160 105 150 
143 160 105 150 
142 162 106 150 
143 163 106 150 
142 164 106 151 
142 164 106 151 
142 164 106 151 
142 164 106 151 
143 163 106 151 
143 163 106 151 
144 165 106 151 
144 163 106 151 
145 162 106 151 
144 163 107 151 
144 163 107 151 
143 164 107 152 
144 164 107 152 
144 164 107 152 
144 164 107 152 
144 164 107 152 
144 164 107 152 
144 164 107 152 
143 163 107 152 
143 164 107 153 
143 164 107 153 
143 164 107 153 
143 164 107 153 
142 165 107 152 
143 166 107 153 
142 165 107 152 
142 165 107 152 
142 165 107 152 
142 164 107 152 
142 164 107 152 
142 164 107 152 
143 166 107 152 
141 165 107 151 
142 166 107 152 
143 166 106 151 
143 166 106 151 
143 166 106 151 
143 167 106 151 
143 169 106 151 
143 169 106 150 
144 167 106 150 
143 170 106 150 
144 169 106 150 
143 169 106 151 
143 169 106 151 
144 169 106 151 
144 171 106 151 
143 172 106 151 
145 171 106 151 
143 173 106 151 
144 175 106 151 
144 178 107 152 
143 181 107 152 
144 188 107 152 
144 188 107 152 
142 204 107 152 
140 187 107 152 
140 176 107 152 
143 180 107 152 
144 176 107 153 
146 169 107 153 
146 169 108 153 
146 169 108 153 
147 169 108 153 
149 169 108 153 
149 169 108 153 
147 168 108 154 
148 169 108 154 
148 169 108 153 
149 169 108 153 
149 168 107 153 
150 170 107 153 
151 169 108 153 
151 170 108 154 
151 170 108 154 
151 170 108 154 
150 170 108 154 
153 170 108 154 
153 172 108 154 
153 173 108 154 
152 172 108 154 
153 172 108 154 
153 171 108 154 
153 171 108 154 
154 171 108 154 
155 170 108 154 
154 166 108 154 
154 168 108 154 
156 167 108 153 
155 165 108 153 
157 162 108 153 
158 159 108 153 
157 158 107 153 
158 157 107 153 
158 157 107 153 
156 157 107 152 
157 159 107 153 
157 159 107 153 
157 158 107 152 
157 158 107 152 
157 157 107 153 
157 157 107 153 
158 156 107 152 
156 157 107 152 
157 156 108 153 
157 156 108 153 
157 156 108 153 
157 156 108 153 
158 157 108 153 
158 155 107 153 
157 157 108 153 
158 157 108 154 
156 157 108 153 
157 156 108 153 
157 156 108 153 
158 156 108 153 
158 155 108 154 
159 156 109 154 
159 156 109 154 
159 156 109 154 
157 156 109 154 
158 156 108 154 
159 155 109 154 
160 155 109 155 
160 155 109 155 
160 155 109 154 
159 156 108 154 
159 156 108 154 
159 156 109 155 
159 158 109 155 
159 158 109 155 
159 158 109 155 
158 158 109 154 
158 158 109 155 
158 158 109 155 
159 159 109 155 
158 157 109 154 
160 159 109 155 
160 159 109 154 
160 159 109 154 
160 160 109 155 
158 161 109 155 
157 161 109 155 
156 161 109 155 
154 164 109 155 
155 162 109 155 
152 159 110 156 
150 164 110 156 
148 163 110 156 
148 163 110 157 
147 163 110 156 
144 164 110 157 
142 162 110 157 
140 163 110 157 
139 163 110 157 
136 163 110 157 
137 161 110 156 
134 162 110 156 
134 160 110 156 
132 160 110 156 
131 158 110 156 
131 159 110 156 
130 159 109 156 
128 158 109 155 
130 159 109 155 
131 157 109 155 
131 160 109 154 
131 157 108 154 
130 158 108 154 
130 154 108 154 
130 153 108 153 
129 157 108 153 
128 154 107 153 
128 153 107 153 
130 152 108 153 
130 154 107 153 
130 154 107 153 
131 154 107 152 
131 155 107 152 
131 152 107 152 
132 152 107 152 
131 154 107 152 
131 153 107 152 
131 153 107 152 
131 153 107 152 
131 153 107 152 
132 155 107 152 
132 151 107 152 
132 152 107 152 
132 152 107 153 
132 152 107 153 
132 152 107 153 
132 152 107 153 
132 152 107 153 
132 152 107 153 
132 152 107 153 
134 152 108 153 
134 151 108 153 
135 152 108 154 
137 150 108 154 
138 151 108 153 
139 149 108 153 
139 149 108 153 
141 149 108 153 
142 151 107 153 
144 149 108 153 
146 150 107 152 
147 149 107 152 
148 148 107 152 
151 149 107 152 
152 148 107 152 
151 146 106 150 
151 146 106 150 
154 145 106 150 
154 147 105 150 
154 150 105 150 
154 146 106 150 
153 147 106 150 
153 143 106 150 
152 140 106 151 
153 140 107 151 
154 139 107 152 
154 139 107 152 
152 139 107 152 
152 139 107 152 
152 139 107 152 
154 139 107 152 
155 136 106 151 
155 136 106 151 
154 137 106 151 
153 137 107 151 
154 139 107 152 
154 144 107 152 
151 142 107 152 
151 145 107 152 
150 146 107 152 
148 148 107 152 
148 150 107 152 
147 150 107 152 
145 147 107 152 
145 148 107 152 
144 149 107 152 
143 146 107 152 
144 145 108 153 
144 147 107 153 
148 145 107 152 
147 147 108 153 
149 145 108 154 
153 148 108 153 
151 146 108 153 
153 145 107 152 
153 144 107 152 
153 145 107 152 
152 146 107 151 
152 143 107 152 
153 145 107 152 
152 144 107 152 
152 144 107 152 
154 143 106 151 
154 143 106 151 
154 143 106 151 
155 141 106 151 
154 143 107 152 
154 141 107 152 
154 141 107 152 
155 142 107 152 
156 143 107 152 
156 144 107 151 
158 145 107 152 
158 145 107 152 
160 144 107 151 
160 144 107 151 
162 144 107 152 
163 143 107 152 
163 145 107 152 
164 145 107 152 
165 145 107 152 
166 143 107 153 
166 145 108 153 
167 144 108 153 
167 146 108 153 
168 146 108 153 
170 145 108 153 
169 147 108 153 
170 146 108 153 
171 147 108 153 
173 143 107 153 
175 143 107 153 
177 141 108 153 
180 145 107 152 
183 143 107 153 
184 140 108 153 
186 139 107 153 
186 140 108 153 
188 139 107 153 
189 141 108 153 
190 140 107 153 
192 140 108 153 
191 139 108 153 
192 137 108 153 
195 135 108 153 
194 136 108 153 
197 136 107 153 
197 136 107 152 
198 137 108 153 
198 137 107 153 
198 136 107 153 
200 136 108 153 
198 135 108 153 
201 136 108 153 
202 137 108 153 
202 137 108 153 
201 137 108 153 
201 137 108 153 
201 137 107 153 
200 135 108 153 
201 136 108 153 
201 137 107 153 
200 136 107 152 
200 136 107 152 
200 136 107 152 
200 136 107 152 
199 137 107 152 
199 137 107 152 
198 137 107 153 
198 138 107 153 
198 138 108 153 
195 139 108 153 
194 138 108 153 
189 139 108 153 
191 137 108 153 
188 137 108 153 
188 137 108 153 
186 137 108 153 
186 137 108 153 
185 138 108 153 
185 137 108 153 
185 137 108 153 
184 136 108 153 
181 136 108 154 
182 136 108 154 
180 136 108 153 
180 136 108 153 
178 136 108 154 
174 137 109 154 
175 137 108 154 
172 136 108 154 
170 135 109 155 
166 132 108 154 
163 132 109 155 
164 132 109 155 
162 134 109 155 
162 135 110 156 
163 133 110 156 
163 139 110 156 
161 137 110 156 
162 141 110 156 
164 143 110 156 
162 143 110 156 
162 146 110 156 
162 146 110 156 
161 145 110 156 
160 146 110 156 
