466 330 122 148 
467 329 122 148 
467 329 122 148 
472 325 122 148 
474 322 122 148 
477 318 122 148 
480 315 122 148 
481 310 122 148 
480 303 122 148 
472 303 122 148 
464 299 122 148 
455 292 123 149 
450 280 123 150 
442 271 123 150 
431 268 123 150 
422 265 123 150 
413 264 123 150 
404 262 123 150 
398 263 123 149 
395 263 123 149 
390 264 123 149 
385 265 123 150 
381 262 123 150 
380 261 123 150 
371 260 123 150 
365 258 124 150 
360 254 124 150 
353 247 123 149 
342 242 123 149 
334 237 123 149 
330 228 123 150 
329 216 123 150 
328 202 123 150 
330 190 123 149 
333 176 123 149 
340 165 123 149 
347 158 123 149 
350 149 123 149 
354 137 123 149 
363 128 122 149 
369 126 123 149 
368 126 122 148 
364 128 122 148 
361 130 122 148 
360 134 122 149 
358 138 122 148 
354 142 122 148 
349 147 121 147 
343 152 121 147 
337 158 121 146 
329 162 121 147 
320 166 121 147 
316 169 121 147 
312 173 121 147 
311 175 121 147 
309 179 121 147 
309 179 121 147 
308 179 121 147 
307 177 121 147 
307 177 121 147 
305 178 121 147 
304 180 121 147 
303 180 121 147 
303 178 121 147 
303 176 121 146 
306 173 120 146 
308 171 120 146 
309 169 120 146 
310 166 120 145 
309 163 120 146 
309 160 120 146 
310 158 120 146 
311 157 120 146 
311 157 120 146 
312 157 121 146 
313 156 121 146 
314 156 120 146 
314 156 120 146 
314 156 120 146 
317 154 120 146 
319 155 120 146 
319 155 120 146 
323 156 121 147 
329 155 121 147 
334 155 121 147 
341 155 121 147 
346 155 121 147 
352 155 122 148 
356 155 123 149 
360 153 122 149 
364 151 122 148 
367 148 122 147 
370 144 122 148 
372 141 122 148 
372 138 122 148 
372 138 122 148 
373 138 122 148 
376 137 122 148 
378 140 122 148 
381 142 122 148 
381 147 122 148 
378 151 122 148 
376 156 122 148 
375 164 123 149 
372 171 122 149 
366 178 122 148 
358 191 122 148 
353 206 122 148 
347 216 123 149 
342 226 123 149 
336 233 123 149 
332 244 123 149 
327 252 123 149 
319 259 123 149 
311 269 123 149 
302 276 123 149 
295 284 124 150 
288 291 124 150 
282 298 124 150 
279 304 124 150 
276 309 123 149 
275 312 123 150 
275 313 123 150 
279 311 123 149 
287 311 123 149 
290 312 123 149 
292 313 123 149 
298 314 123 149 
307 314 123 149 
318 316 123 149 
326 321 123 149 
336 325 123 149 
343 328 123 150 
353 331 123 150 
362 333 124 150 
372 330 124 150 
376 321 124 150 
384 317 124 151 
391 312 124 150 
392 305 124 150 
391 299 124 150 
387 293 124 150 
383 289 124 150 
372 284 123 150 
358 280 123 149 
349 277 123 149 
339 274 123 149 
325 271 123 149 
308 267 123 149 
293 265 123 149 
282 262 122 148 
270 256 122 148 
253 252 122 149 
239 248 122 148 
232 242 123 149 
232 236 122 148 
233 228 122 148 
236 223 122 148 
236 220 122 148 
238 219 122 148 
242 216 122 148 
246 213 122 148 
249 210 122 148 
254 207 122 148 
257 204 122 148 
258 202 122 148 
258 200 122 148 
259 198 122 147 
261 199 122 148 
261 198 122 148 
265 200 122 148 
268 201 122 148 
275 206 122 148 
281 212 122 148 
286 216 122 148 
292 219 122 148 
300 220 122 148 
302 222 122 148 
304 218 122 148 
308 216 122 148 
308 213 122 148 
306 206 121 147 
303 199 121 147 
301 192 121 147 
301 183 121 147 
302 171 121 147 
301 159 121 147 
300 148 121 147 
301 138 121 147 
299 126 121 147 
299 114 121 147 
301 108 121 147 
306 101 121 146 
320 98 121 147 
333 96 121 146 
346 100 121 146 
362 109 121 147 
372 117 121 147 
384 122 121 147 
397 128 121 147 
406 133 121 147 
416 138 121 147 
424 145 121 147 
429 151 121 147 
434 156 121 146 
436 164 121 147 
437 172 121 147 
435 181 121 147 
430 187 121 147 
420 195 121 147 
413 199 121 147 
404 204 121 147 
394 207 121 147 
385 209 122 148 
378 211 122 148 
369 212 121 147 
360 215 121 147 
348 218 121 147 
339 222 121 146 
326 224 121 146 
317 225 121 146 
307 224 120 146 
297 224 120 146 
287 230 120 146 
276 235 120 146 
265 242 120 146 
251 251 120 146 
245 258 120 145 
236 265 120 145 
227 272 120 146 
216 281 120 146 
206 288 120 146 
198 293 120 146 
192 295 120 145 
185 296 120 145 
182 297 119 145 
177 297 119 145 
177 297 119 145 
174 292 120 145 
177 289 120 145 
180 286 120 145 
183 283 120 145 
186 284 120 145 
191 284 120 146 
197 286 120 145 
205 287 120 146 
211 286 120 146 
215 287 121 146 
220 287 121 146 
224 289 121 146 
227 294 121 147 
229 299 121 146 
230 303 121 146 
229 303 121 146 
227 305 120 146 
227 306 120 146 
229 306 120 146 
230 308 120 145 
230 308 120 145 
231 309 120 145 
232 311 120 145 
233 309 120 146 
236 309 120 145 
235 308 120 145 
239 306 119 145 
240 303 119 145 
242 299 120 145 
244 295 120 145 
242 290 120 145 
247 284 120 145 
250 279 120 145 
256 273 119 145 
258 264 119 145 
258 259 119 145 
266 250 119 145 
277 244 119 144 
279 240 119 144 
282 236 119 145 
289 231 119 145 
294 231 119 145 
295 227 120 145 
302 224 120 145 
305 222 120 145 
305 221 120 146 
302 222 120 146 
304 220 120 145 
303 217 120 145 
305 215 120 146 
307 214 120 145 
307 214 120 146 
307 214 120 146 
310 214 120 146 
310 214 120 146 
306 214 120 146 
300 216 120 146 
297 215 121 146 
296 214 120 146 
294 213 120 146 
297 218 120 146 
293 222 120 146 
296 230 121 146 
295 234 121 147 
298 239 121 147 
301 242 121 147 
305 246 121 147 
310 251 122 148 
309 257 122 148 
313 262 122 148 
318 263 123 149 
316 264 123 149 
320 262 123 149 
322 262 123 150 
323 263 123 150 
320 263 124 150 
317 259 124 150 
321 254 123 150 
331 253 123 149 
338 254 124 150 
338 255 123 150 
343 255 123 149 
353 257 123 149 
360 262 123 149 
364 271 124 150 
364 277 123 150 
365 284 124 150 
367 287 124 150 
367 289 124 151 
362 292 124 151 
356 293 124 151 
352 297 124 151 
349 298 124 151 
348 299 124 150 
347 297 124 150 
348 296 123 150 
347 291 123 149 
350 286 123 149 
353 281 123 149 
356 273 123 149 
357 267 123 149 
360 264 122 148 
360 258 122 148 
360 252 122 148 
359 246 122 148 
355 241 122 148 
351 236 122 148 
342 228 123 149 
337 222 123 149 
338 215 122 148 
339 210 122 148 
342 209 122 148 
343 209 121 147 
345 209 121 147 
348 211 121 147 
349 215 122 148 
349 220 122 148 
349 228 122 148 
347 237 122 148 
347 245 122 148 
340 251 121 147 
333 256 121 147 
319 258 121 147 
300 262 121 147 
277 262 121 147 
260 266 121 147 
248 265 121 147 
237 263 121 147 
224 261 121 147 
214 259 121 147 
210 255 121 147 
208 249 121 147 
203 246 121 147 
197 244 121 146 
197 240 121 146 
196 239 120 146 
190 236 120 146 
188 232 120 146 
186 225 120 146 
181 221 121 146 
179 219 121 146 
176 214 121 146 
176 211 121 146 
175 207 121 146 
176 201 120 146 
180 200 120 146 
186 197 120 146 
193 197 120 146 
205 198 120 146 
218 199 120 146 
229 205 120 146 
242 210 120 146 
256 211 120 146 
269 218 120 145 
279 218 120 145 
287 221 119 145 
297 221 119 144 
304 220 119 144 
311 218 119 144 
318 218 119 144 
325 219 118 144 
333 220 118 143 
344 220 119 144 
356 222 118 144 
367 224 118 143 
380 225 118 144 
390 223 119 144 
402 223 119 144 
413 220 119 144 
424 218 119 144 
435 214 119 144 
445 211 118 143 
455 211 118 143 
462 209 119 144 
470 209 119 144 
475 207 118 144 
478 207 119 144 
479 207 118 143 
480 207 118 143 
480 207 118 143 
479 207 118 144 
473 207 119 144 
470 208 119 144 
468 210 118 143 
459 210 118 143 
456 211 117 142 
450 213 117 142 
443 211 117 142 
436 212 117 142 
430 213 117 142 
425 215 117 142 
417 214 117 142 
412 217 117 142 
412 219 116 141 
406 220 116 141 
402 221 116 141 
397 221 116 141 
391 223 116 141 
387 220 116 140 
380 217 116 141 
373 213 116 140 
368 209 116 140 
363 204 116 140 
360 198 116 140 
358 194 116 141 
357 190 116 141 
355 187 116 141 
352 182 116 141 
351 179 116 140 
351 178 116 140 
349 180 115 140 
352 180 115 140 
355 178 115 140 
357 178 115 139 
357 180 115 140 
365 182 115 140 
361 185 115 140 
367 183 115 140 
368 183 115 140 
369 184 115 140 
375 182 115 140 
382 181 115 140 
382 182 116 140 
384 182 116 141 
381 183 116 141 
378 185 117 141 
376 185 117 141 
376 185 117 141 
368 187 117 141 
362 188 117 142 
356 191 117 142 
351 193 117 143 
345 192 117 142 
340 193 117 142 
338 192 117 142 
335 190 118 143 
329 191 118 143 
328 192 118 143 
325 195 118 144 
325 195 118 144 
327 198 119 144 
329 201 118 144 
333 201 118 143 
338 202 118 143 
343 202 117 142 
348 202 118 143 
354 202 118 143 
358 202 118 143 
360 198 118 144 
364 196 119 144 
369 194 119 145 
370 189 119 145 
372 188 119 145 
369 189 120 145 
370 191 120 145 
370 193 120 145 
367 196 120 145 
362 201 120 146 
354 203 120 145 
345 206 120 145 
334 208 120 145 
334 215 120 145 
330 216 119 145 
324 219 119 145 
321 223 120 145 
318 226 120 145 
317 227 120 145 
314 229 120 145 
315 232 119 145 
315 231 119 145 
313 231 119 144 
312 232 119 144 
311 232 119 144 
310 232 119 144 
306 232 119 144 
304 234 119 144 
303 232 119 144 
300 234 119 144 
297 232 119 144 
296 233 119 144 
294 236 119 144 
294 235 119 144 
294 238 119 144 
294 239 119 144 
295 239 120 145 
297 240 120 145 
299 241 119 144 
300 243 119 144 
303 242 119 144 
306 244 119 145 
306 244 120 145 
307 244 120 145 
309 244 120 145 
311 244 119 145 
311 245 119 145 
311 245 119 144 
309 243 119 145 
310 244 119 144 
311 246 119 145 
309 247 119 145 
309 248 119 144 
306 248 119 144 
305 247 119 145 
305 247 119 145 
306 248 119 145 
302 246 119 144 
302 244 119 144 
302 246 119 144 
302 245 119 144 
303 244 119 144 
303 244 119 144 
305 245 119 144 
307 244 120 145 
306 244 119 145 
306 241 119 145 
306 239 119 145 
308 237 119 145 
306 236 119 145 
308 233 119 145 
306 229 120 145 
305 230 120 145 
306 230 120 146 
307 229 120 146 
306 230 120 145 
307 232 120 146 
309 234 120 146 
310 236 120 145 
311 240 120 146 
315 245 120 146 
319 245 120 146 
322 248 120 146 
324 249 120 146 
326 249 121 147 
328 249 121 147 
328 250 120 146 
328 250 120 146 
329 249 120 146 
329 253 120 146 
328 256 120 146 
326 256 120 146 
326 259 120 146 
324 260 120 146 
322 263 120 145 
323 265 120 145 
320 264 120 145 
318 264 120 145 
317 263 119 145 
317 263 119 145 
317 263 119 145 
315 260 119 145 
315 263 120 145 
314 262 119 145 
312 259 119 145 
310 261 119 145 
308 262 119 144 
306 260 119 144 
305 261 118 144 
302 259 118 143 
301 261 119 144 
300 261 118 144 
297 262 119 144 
293 260 119 144 
291 262 119 144 
287 265 119 144 
288 267 119 144 
286 268 119 144 
293 271 119 144 
304 271 119 144 
314 273 119 144 
318 274 118 144 
328 278 119 144 
335 279 119 144 
342 281 119 144 
349 284 119 144 
352 284 119 145 
349 285 119 145 
343 286 119 145 
336 287 119 145 
328 283 120 145 
320 276 120 145 
314 272 120 145 
312 275 120 146 
311 277 120 146 
313 276 121 146 
321 277 120 146 
333 280 121 146 
343 281 120 146 
352 288 121 147 
361 297 121 147 
364 311 121 147 
370 316 122 148 
371 320 122 148 
372 325 122 148 
372 328 122 148 
365 326 122 148 
352 319 122 148 
341 295 122 148 
335 284 122 148 
328 273 123 149 
304 260 123 149 
290 254 123 149 
285 246 122 148 
278 241 122 148 
268 240 122 148 
264 236 122 148 
263 236 123 149 
259 241 123 150 
261 249 123 149 
266 253 123 150 
272 255 123 149 
277 259 123 149 
284 259 124 150 
287 256 124 150 
292 252 123 149 
300 248 123 149 
304 242 123 150 
307 238 123 149 
312 232 123 149 
322 229 123 149 
332 229 123 150 
340 238 124 150 
346 243 124 150 
348 249 124 150 
343 261 124 150 
334 269 124 151 
323 276 124 151 
308 280 124 151 
296 278 125 151 
292 273 125 151 
285 269 124 151 
278 268 124 151 
277 272 125 151 
282 282 124 151 
293 298 124 151 
293 309 124 151 
295 314 125 151 
292 319 125 151 
288 319 124 151 
287 318 125 151 
290 318 125 152 
294 318 124 151 
293 316 124 151 
292 310 124 150 
289 298 124 150 
283 285 124 150 
281 276 124 150 
283 265 124 150 
282 259 124 150 
277 250 123 150 
271 241 123 150 
274 229 123 149 
281 221 123 149 
285 211 122 149 
284 208 122 148 
289 216 122 148 
291 225 122 148 
289 229 122 148 
290 232 122 148 
299 237 122 148 
306 233 121 147 
314 231 121 147 
320 235 121 147 
324 229 122 148 
324 219 122 148 
313 226 122 147 
311 225 122 148 
303 228 122 147 
304 228 121 147 
303 225 121 147 
