305 164 35 42 
308 163 35 41 
309 162 34 41 
312 163 35 41 
314 162 34 41 
314 160 34 41 
313 160 34 41 
315 158 34 41 
316 160 34 41 
316 161 34 41 
317 162 35 42 
318 162 35 42 
315 163 35 42 
315 164 35 42 
313 160 35 41 
315 162 34 41 
317 162 34 41 
315 162 35 42 
315 163 35 41 
313 164 34 41 
314 165 34 41 
315 165 34 41 
315 168 35 41 
312 167 35 42 
311 168 35 42 
310 169 35 42 
310 169 35 42 
311 168 35 42 
311 170 35 42 
311 170 35 42 
308 170 35 42 
308 170 35 42 
309 169 35 42 
311 170 35 42 
311 170 35 42 
312 168 34 41 
310 168 34 41 
313 167 34 41 
313 167 34 41 
312 168 34 41 
311 168 34 41 
314 168 33 40 
314 168 33 40 
311 168 33 40 
312 169 33 40 
313 167 33 39 
311 168 33 39 
311 168 33 39 
311 169 33 39 
310 169 32 39 
309 170 32 39 
309 169 33 39 
308 171 33 40 
309 171 33 40 
308 170 33 39 
308 172 33 39 
307 174 32 39 
308 173 33 39 
307 174 33 39 
308 175 33 39 
308 174 32 39 
308 174 32 39 
308 173 32 39 
307 174 33 39 
309 174 33 40 
311 173 33 40 
312 174 33 40 
311 174 33 40 
313 174 33 40 
314 176 33 40 
315 175 33 40 
317 178 33 40 
319 180 33 40 
323 178 33 40 
325 182 33 40 
328 182 33 40 
331 189 34 41 
333 194 34 41 
334 200 34 41 
335 206 34 41 
335 212 34 41 
336 216 35 42 
334 221 35 42 
331 222 34 41 
328 225 35 42 
322 226 35 42 
317 222 35 42 
313 218 35 42 
308 213 34 41 
303 204 34 41 
300 193 34 41 
298 181 34 41 
299 172 34 41 
298 163 34 41 
300 157 34 41 
301 153 34 41 
302 149 33 40 
304 150 33 40 
306 151 33 40 
309 156 33 40 
312 161 33 40 
311 170 33 40 
315 181 33 40 
317 193 33 40 
319 206 33 40 
323 213 33 39 
320 218 33 39 
315 220 32 39 
310 216 32 38 
304 209 32 39 
296 202 32 39 
288 193 33 39 
278 185 33 39 
272 185 32 39 
263 183 32 39 
258 182 33 39 
256 186 32 39 
254 185 32 38 
253 190 32 39 
254 193 32 38 
255 197 32 39 
258 198 33 39 
264 197 33 39 
269 191 33 39 
278 181 33 40 
292 173 33 40 
306 167 33 39 
309 164 32 39 
317 164 32 39 
321 170 33 39 
320 175 33 39 
327 180 33 39 
343 174 33 39 
345 184 33 39 
349 192 32 39 
349 200 32 39 
348 208 32 39 
347 211 33 39 
341 213 33 40 
340 211 34 40 
336 207 34 41 
330 201 34 41 
327 191 34 41 
321 182 35 41 
317 174 35 42 
313 169 35 42 
306 165 35 42 
301 164 35 43 
298 165 35 42 
297 169 36 43 
294 174 35 42 
292 182 36 43 
291 189 35 43 
290 194 35 42 
288 196 35 43 
286 196 35 43 
284 195 35 42 
282 192 35 42 
281 188 36 43 
277 184 35 43 
275 180 36 43 
274 177 35 42 
274 177 35 42 
277 175 35 42 
279 177 35 42 
279 180 36 43 
281 186 35 42 
283 192 35 42 
282 198 35 42 
285 205 35 41 
286 211 34 41 
285 211 35 41 
285 210 34 41 
285 201 34 41 
284 195 35 41 
287 189 35 42 
288 186 35 42 
290 183 35 42 
296 180 35 42 
301 183 35 42 
308 184 35 42 
317 185 35 42 
324 189 35 42 
331 191 34 41 
334 193 35 41 
335 192 34 41 
334 191 34 41 
331 192 34 40 
327 193 33 40 
323 197 34 40 
317 202 33 40 
317 209 34 41 
311 218 34 40 
308 223 34 40 
299 231 34 40 
292 235 34 41 
282 230 34 41 
276 222 34 41 
276 210 34 41 
282 200 34 41 
286 196 34 41 
294 189 34 41 
304 188 34 41 
314 191 35 42 
325 195 35 42 
332 204 35 42 
330 222 35 41 
338 232 35 41 
335 239 34 41 
337 228 34 41 
328 227 34 41 
320 218 35 41 
311 213 34 41 
300 211 34 41 
289 206 34 41 
282 208 34 41 
277 206 34 41 
278 208 34 41 
278 210 34 41 
284 210 34 40 
288 207 34 41 
296 202 34 41 
301 197 34 41 
309 205 34 41 
308 211 34 41 
309 212 34 40 
308 198 34 41 
305 199 34 41 
303 217 34 41 
307 212 35 41 
302 206 35 41 
301 197 34 41 
297 188 34 41 
291 183 34 41 
284 177 34 41 
279 174 34 41 
274 173 34 41 
270 173 34 41 
267 175 34 41 
266 179 34 41 
262 181 34 41 
260 188 34 40 
261 194 34 40 
260 201 34 41 
264 204 34 41 
267 198 34 41 
267 192 34 41 
273 179 34 41 
279 175 34 41 
284 173 34 41 
290 172 35 42 
294 173 35 42 
299 171 35 42 
303 171 35 42 
302 173 34 41 
301 175 35 42 
296 177 35 42 
292 173 35 42 
285 168 35 42 
281 161 35 41 
275 155 35 42 
268 151 35 42 
258 148 35 42 
246 152 34 41 
228 162 34 41 
211 171 34 41 
198 184 34 41 
185 194 34 41 
178 208 34 41 
181 216 35 41 
182 223 35 42 
183 225 35 41 
184 222 34 41 
187 216 35 42 
190 209 35 42 
193 203 34 41 
198 199 34 41 
202 198 34 41 
208 198 35 41 
212 205 35 42 
218 208 35 42 
220 217 35 42 
223 222 35 42 
224 227 35 42 
229 233 35 42 
233 237 35 42 
228 242 35 41 
224 245 35 41 
221 243 35 42 
221 235 35 42 
223 230 35 42 
222 225 35 42 
223 225 35 42 
225 228 35 42 
225 229 35 42 
224 234 35 42 
223 240 35 43 
223 242 35 43 
223 242 35 42 
219 239 35 42 
222 232 35 42 
221 226 35 42 
221 218 36 43 
219 216 36 43 
220 213 36 43 
218 212 36 43 
219 213 36 43 
221 215 36 43 
220 222 36 43 
219 226 36 43 
218 228 36 43 
217 226 35 42 
220 223 35 42 
222 218 35 42 
223 215 35 42 
222 214 35 42 
223 215 34 41 
222 217 34 41 
222 220 34 41 
222 223 34 41 
222 228 34 41 
223 234 34 41 
220 240 34 41 
216 244 34 41 
218 242 34 41 
220 236 34 41 
220 230 34 41 
216 223 35 42 
214 216 35 42 
211 213 35 42 
204 208 35 42 
199 207 35 42 
197 205 35 42 
196 207 34 41 
193 209 34 41 
188 218 35 41 
187 227 34 41 
187 231 34 41 
187 237 35 41 
189 238 35 42 
192 235 35 42 
194 229 35 42 
193 228 34 41 
194 229 34 41 
201 228 34 41 
207 232 34 41 
210 236 33 40 
217 242 33 40 
227 244 33 40 
238 250 33 39 
248 251 32 39 
258 247 32 39 
269 236 32 38 
277 226 32 39 
284 218 32 39 
294 211 33 39 
302 209 32 39 
309 207 32 39 
312 208 32 39 
312 214 32 38 
310 219 33 39 
307 226 32 39 
304 238 32 38 
295 244 32 38 
285 251 31 38 
271 251 32 38 
256 251 32 38 
237 253 32 38 
222 258 32 39 
212 261 32 39 
211 263 32 39 
203 263 32 39 
191 264 33 40 
178 261 33 40 
176 250 33 40 
176 239 33 40 
181 226 33 40 
190 216 33 40 
199 213 33 39 
209 215 33 40 
219 221 33 40 
232 229 33 40 
246 240 33 40 
258 255 33 40 
271 265 33 40 
286 271 34 40 
297 274 33 40 
309 273 34 40 
324 272 34 40 
338 265 33 40 
352 258 34 40 
368 254 34 40 
378 253 34 40 
388 250 34 40 
392 253 34 41 
392 251 34 40 
388 254 33 40 
378 258 33 40 
363 261 33 39 
344 270 33 39 
324 275 32 39 
304 280 33 40 
286 279 33 40 
270 271 33 40 
254 266 33 40 
239 261 33 40 
225 257 33 40 
217 248 33 40 
213 244 33 40 
213 240 33 40 
215 238 33 40 
218 237 34 40 
226 237 34 41 
232 243 34 41 
240 244 33 40 
252 241 33 39 
268 234 33 39 
277 228 33 39 
284 220 33 39 
294 216 33 39 
302 213 33 39 
311 210 33 39 
318 213 32 39 
326 216 33 39 
334 223 33 39 
341 233 33 40 
348 244 33 39 
355 252 32 39 
359 259 32 38 
361 260 31 37 
364 258 31 37 
369 251 31 37 
372 243 31 37 
369 238 31 37 
366 234 31 37 
365 232 31 37 
360 229 31 37 
354 229 31 37 
344 233 31 37 
332 237 31 37 
320 247 30 37 
309 258 31 37 
299 262 30 37 
284 263 30 36 
275 258 30 36 
262 254 30 36 
252 247 30 36 
240 242 31 37 
228 238 31 37 
219 235 31 38 
212 234 31 37 
203 232 31 37 
201 231 30 36 
197 230 31 37 
202 224 31 37 
207 216 31 37 
216 209 31 37 
231 199 31 37 
247 192 31 37 
264 191 31 37 
283 194 31 37 
293 198 31 37 
301 204 31 37 
309 208 31 37 
313 215 31 37 
316 223 31 37 
314 226 31 38 
314 226 31 38 
309 219 32 38 
304 211 32 38 
299 201 32 38 
296 192 32 38 
292 191 32 38 
295 201 32 38 
293 205 32 38 
292 207 32 38 
285 205 32 38 
288 206 31 38 
292 214 31 38 
295 224 31 38 
296 233 32 38 
295 237 31 38 
298 232 31 38 
300 222 31 37 
304 209 32 38 
308 198 32 39 
309 189 32 39 
308 180 32 38 
305 171 31 38 
309 161 31 38 
308 159 31 38 
300 160 32 38 
294 161 32 38 
288 160 32 38 
281 162 32 38 
273 166 32 38 
268 168 32 39 
264 172 32 39 
258 177 32 39 
252 185 32 39 
245 192 33 39 
238 199 33 39 
234 207 33 39 
232 214 33 40 
231 217 33 40 
231 219 33 40 
233 215 33 40 
240 205 33 39 
251 195 33 39 
259 181 32 39 
260 168 32 39 
257 158 32 38 
258 149 32 39 
257 144 32 39 
259 144 32 39 
257 150 32 38 
254 154 32 38 
251 162 32 39 
250 169 32 38 
249 179 32 38 
253 191 32 38 
255 201 32 38 
256 208 32 38 
255 209 32 39 
252 210 32 38 
246 209 31 38 
238 201 31 38 
235 195 31 37 
229 191 32 38 
222 189 32 38 
216 192 32 38 
215 192 31 38 
213 197 31 38 
212 201 32 38 
209 206 31 38 
209 212 31 38 
211 215 32 38 
212 213 32 38 
212 210 31 38 
215 201 31 38 
219 192 32 38 
226 186 31 38 
229 184 31 37 
232 182 31 37 
236 184 31 37 
240 186 30 37 
244 191 31 37 
243 198 31 37 
247 205 31 37 
248 213 31 37 
244 222 31 37 
240 228 31 37 
238 230 31 38 
233 231 31 38 
230 226 31 37 
228 218 31 37 
226 205 31 37 
227 196 31 37 
228 185 31 37 
226 177 31 37 
221 172 30 36 
218 166 31 37 
214 163 31 37 
213 164 31 37 
212 166 30 36 
212 171 30 36 
211 177 30 36 
213 185 30 36 
217 194 30 36 
220 204 30 35 
225 211 30 36 
233 214 30 36 
234 212 30 36 
235 206 30 36 
242 194 29 35 
247 181 29 35 
254 169 29 35 
259 157 29 35 
269 149 29 35 
277 140 29 35 
273 132 29 34 
276 148 28 34 
286 147 28 34 
288 149 28 34 
298 138 28 33 
296 146 28 33 
298 156 27 33 
290 169 27 32 
282 186 27 32 
279 199 27 32 
272 205 27 32 
264 207 26 32 
261 203 26 32 
261 194 26 32 
260 185 26 32 
261 179 27 32 
262 173 27 33 
266 170 27 33 
269 164 28 33 
290 160 28 33 
275 166 27 33 
277 163 27 33 
