66 99 68 78 
72 102 68 78 
75 107 68 78 
80 113 68 78 
88 117 68 78 
97 118 68 77 
107 118 68 78 
114 120 68 78 
121 123 68 78 
130 128 68 78 
145 130 68 78 
152 130 67 77 
160 128 68 77 
163 124 68 78 
170 121 68 78 
173 117 68 78 
179 116 68 78 
185 112 68 78 
195 110 68 78 
208 108 69 79 
229 108 68 79 
244 108 68 78 
257 107 68 78 
275 106 68 78 
290 106 69 79 
306 106 69 79 
318 107 69 79 
328 103 68 79 
328 101 69 79 
328 101 69 79 
320 101 69 79 
309 102 69 79 
293 100 69 79 
279 98 69 79 
264 97 69 79 
252 98 69 79 
229 102 68 79 
218 105 68 78 
201 109 68 78 
189 113 68 79 
174 135 68 78 
170 146 68 77 
155 150 67 77 
167 182 68 78 
188 182 67 77 
184 194 68 78 
189 188 68 78 
174 171 67 77 
179 186 67 77 
171 182 67 77 
181 178 67 77 
171 181 67 77 
190 162 68 78 
158 191 67 77 
178 185 67 77 
191 180 67 77 
206 169 67 77 
212 140 67 77 
218 131 68 77 
250 121 67 77 
281 114 68 77 
302 111 67 77 
317 107 67 77 
325 103 67 77 
332 99 67 77 
340 98 67 77 
339 94 67 77 
334 95 67 77 
325 99 66 76 
307 104 66 75 
290 112 66 75 
268 118 66 76 
244 121 66 76 
218 126 66 76 
193 126 66 76 
168 126 66 76 
149 123 66 76 
128 116 66 76 
107 110 66 76 
84 105 66 76 
64 104 66 76 
39 106 66 75 
33 119 66 75 
59 134 65 75 
54 138 66 75 
54 138 66 76 
33 148 66 76 
33 124 66 76 
33 111 66 76 
33 97 66 76 
33 88 66 75 
33 88 66 75 
33 93 65 75 
33 116 65 75 
34 119 65 75 
41 121 65 75 
53 125 65 75 
65 126 65 75 
76 127 65 74 
89 129 64 74 
103 132 65 74 
121 132 64 74 
138 134 64 74 
154 138 65 74 
181 139 65 74 
206 144 65 74 
227 146 64 74 
256 149 65 74 
285 149 65 74 
306 150 65 75 
331 147 65 74 
352 147 65 75 
369 144 65 74 
380 145 65 75 
386 138 65 75 
388 132 65 75 
384 129 65 75 
373 124 65 74 
355 113 64 74 
339 110 64 74 
321 111 64 74 
304 107 64 74 
291 107 64 73 
289 95 64 73 
285 93 64 73 
290 98 64 73 
272 106 64 73 
272 131 64 74 
275 110 64 74 
256 117 64 74 
246 106 65 74 
232 107 64 74 
222 103 65 74 
217 109 64 74 
203 102 64 74 
200 109 64 73 
183 126 64 73 
212 131 64 73 
239 127 64 73 
258 126 64 73 
285 137 63 73 
297 136 63 73 
297 135 63 73 
298 136 63 72 
296 138 63 72 
292 139 63 72 
286 141 63 72 
276 137 63 73 
272 138 63 72 
266 138 63 72 
242 123 63 73 
252 118 63 72 
269 116 63 72 
283 116 63 73 
304 116 63 72 
319 113 63 72 
329 108 63 72 
334 102 63 72 
336 89 62 71 
335 80 62 71 
335 80 62 71 
328 85 62 71 
324 98 62 71 
310 115 61 70 
302 131 61 70 
296 143 62 71 
289 131 62 71 
285 128 61 70 
283 121 61 70 
252 120 61 70 
235 117 61 70 
256 91 61 70 
251 94 61 71 
253 92 62 71 
227 97 63 72 
219 106 62 71 
201 105 62 71 
219 99 62 71 
199 111 62 72 
197 121 62 71 
194 111 63 72 
198 125 62 71 
183 131 62 71 
199 122 62 71 
209 131 62 71 
228 132 62 72 
237 128 63 72 
241 122 63 72 
245 120 63 72 
253 109 63 73 
255 103 63 73 
249 92 63 72 
241 95 63 72 
238 103 63 72 
257 104 63 72 
257 103 63 72 
262 104 63 72 
260 106 63 72 
258 110 63 72 
263 108 63 72 
272 108 62 72 
282 103 63 72 
305 104 63 72 
293 114 64 73 
298 112 63 73 
278 111 63 72 
300 97 63 72 
282 99 63 72 
274 105 63 72 
293 117 64 73 
305 138 63 73 
293 118 63 72 
290 134 63 73 
319 124 63 73 
286 118 64 74 
272 122 64 73 
269 132 64 73 
284 140 65 74 
277 150 65 74 
271 155 65 74 
252 162 65 74 
220 155 65 75 
217 129 65 75 
220 118 66 75 
221 111 65 75 
243 101 65 75 
257 95 65 74 
263 92 65 75 
269 98 65 74 
270 100 65 75 
267 104 65 75 
251 106 65 74 
238 115 65 75 
219 119 65 74 
231 125 65 74 
229 135 65 74 
227 137 65 75 
227 139 65 75 
232 131 65 75 
217 148 65 75 
226 136 65 75 
243 114 65 74 
251 109 65 74 
251 111 65 75 
250 120 65 75 
256 133 65 75 
258 131 65 75 
262 136 65 75 
280 125 65 75 
273 122 65 75 
265 124 65 74 
258 128 64 74 
251 133 64 73 
246 140 63 73 
243 146 64 73 
240 150 64 73 
241 148 63 72 
229 141 63 72 
234 146 63 72 
242 132 63 72 
243 142 63 72 
239 140 63 72 
270 144 63 72 
268 137 63 73 
256 145 63 73 
246 144 63 72 
241 125 63 72 
251 117 63 72 
254 103 63 72 
259 97 63 72 
253 82 63 72 
257 94 63 72 
258 103 64 73 
254 100 63 73 
248 107 63 73 
238 105 64 73 
227 106 64 73 
194 94 64 73 
171 96 64 74 
165 105 64 73 
165 101 63 73 
173 86 63 73 
181 84 63 73 
198 81 63 73 
195 99 63 73 
229 86 63 73 
249 92 63 73 
262 108 63 73 
262 140 63 73 
282 133 63 73 
279 127 64 73 
317 106 63 73 
297 92 63 72 
295 93 63 72 
269 101 63 72 
297 117 63 72 
281 109 63 72 
275 109 63 72 
263 107 63 72 
257 108 63 73 
249 115 63 73 
244 116 64 73 
246 114 63 73 
270 121 63 73 
278 153 64 73 
294 151 63 73 
285 139 63 73 
282 134 63 73 
280 132 63 73 
279 138 63 73 
274 138 64 73 
272 135 64 73 
249 115 64 73 
228 104 64 74 
206 102 64 74 
195 106 64 74 
194 107 64 74 
211 104 64 74 
231 97 64 73 
261 99 64 73 
294 105 64 73 
319 102 64 73 
317 94 64 73 
306 93 64 73 
276 88 64 73 
233 104 64 73 
220 123 64 73 
212 134 64 73 
221 142 64 73 
233 158 64 73 
233 165 64 73 
257 138 64 74 
275 111 65 74 
275 112 64 73 
269 112 64 73 
251 113 64 73 
242 123 64 73 
229 134 64 73 
259 158 64 74 
273 166 64 73 
303 152 64 74 
334 151 64 74 
360 124 64 73 
372 107 64 73 
346 97 63 73 
315 107 63 73 
301 99 64 73 
271 105 64 74 
232 111 64 74 
215 128 65 74 
173 133 64 74 
171 139 64 74 
185 147 65 74 
204 155 65 74 
233 166 64 74 
238 154 64 74 
232 138 64 73 
220 124 64 73 
216 119 64 73 
193 123 64 73 
177 125 63 73 
169 135 63 72 
175 127 63 72 
201 136 63 72 
183 126 63 72 
