123 148 25 101 
125 153 25 101 
122 154 25 102 
121 156 25 102 
120 154 25 102 
120 154 25 102 
118 157 25 101 
118 160 25 101 
115 160 25 101 
114 164 25 101 
111 167 25 102 
107 166 25 102 
104 164 25 101 
101 164 25 101 
99 160 25 101 
100 158 25 102 
100 158 25 102 
102 161 25 102 
103 162 26 104 
106 163 26 104 
106 161 26 104 
106 160 25 102 
110 156 25 102 
110 156 25 102 
111 157 25 101 
112 160 25 101 
115 164 25 101 
117 163 25 101 
119 161 25 99 
119 158 25 100 
120 153 25 100 
117 151 25 101 
116 152 25 101 
116 149 25 101 
117 154 25 101 
119 153 25 101 
117 155 25 100 
117 153 25 99 
115 153 25 100 
115 152 25 102 
113 151 25 100 
111 147 24 99 
110 149 24 98 
110 152 24 99 
109 152 25 99 
106 150 24 97 
104 152 24 97 
99 148 24 95 
96 145 23 94 
94 145 23 93 
93 147 23 92 
94 150 23 91 
94 153 23 91 
96 157 22 91 
95 156 23 92 
98 155 23 92 
100 155 22 91 
105 150 22 90 
106 148 22 90 
109 146 22 89 
112 148 22 87 
116 150 21 86 
117 151 21 85 
118 150 21 84 
118 150 21 84 
118 149 21 85 
117 148 21 85 
127 130 21 85 
123 135 21 86 
120 159 22 88 
119 154 22 88 
119 142 22 88 
117 124 22 88 
116 129 22 88 
112 124 22 88 
109 121 22 88 
103 123 22 87 
98 120 22 88 
120 144 22 89 
121 157 22 88 
118 158 21 86 
114 156 21 87 
116 152 22 87 
115 148 22 88 
116 144 21 87 
120 142 21 87 
121 143 21 85 
125 142 21 85 
128 145 21 83 
128 145 21 84 
130 146 21 85 
134 144 21 85 
135 146 21 83 
137 147 21 85 
134 149 21 84 
138 150 21 85 
140 150 21 85 
138 152 21 84 
139 153 21 83 
135 154 21 85 
138 152 21 86 
136 147 21 86 
136 142 21 86 
135 141 21 87 
135 140 21 86 
135 140 21 86 
137 142 21 86 
132 139 21 86 
131 138 22 87 
128 133 22 88 
126 130 22 89 
120 130 22 88 
116 125 22 87 
112 125 22 87 
110 130 21 86 
110 136 22 87 
111 141 22 87 
108 142 22 87 
106 145 22 89 
105 144 22 90 
106 144 22 90 
112 144 22 90 
112 145 23 91 
118 148 23 92 
121 148 22 91 
123 150 23 91 
126 154 22 89 
129 154 22 89 
127 152 22 87 
130 151 22 87 
130 154 21 86 
132 157 21 86 
135 159 21 85 
136 162 21 87 
137 167 22 88 
139 168 22 89 
140 171 22 90 
142 169 22 89 
140 168 22 90 
138 168 23 91 
136 173 23 91 
138 174 23 92 
141 176 23 91 
138 175 22 91 
139 175 22 90 
139 173 22 90 
137 172 22 89 
141 168 22 89 
142 167 22 88 
143 168 21 86 
144 169 21 86 
145 165 22 88 
147 162 21 85 
146 161 21 85 
142 157 20 82 
143 153 20 83 
138 150 21 84 
140 146 20 83 
138 149 21 83 
138 153 20 80 
141 154 20 81 
143 155 20 81 
146 155 20 82 
146 153 20 82 
147 151 20 80 
146 151 19 79 
147 153 20 79 
148 155 20 79 
148 157 19 79 
150 159 20 79 
148 160 20 81 
149 161 20 81 
149 159 20 81 
145 155 20 82 
141 155 20 82 
140 159 20 81 
142 160 20 82 
141 163 20 82 
138 164 20 82 
140 164 20 82 
142 164 20 82 
137 161 20 81 
138 161 20 80 
135 160 20 80 
129 163 20 79 
132 165 20 80 
123 164 20 81 
124 160 20 82 
121 158 20 82 
122 155 20 81 
123 150 20 80 
127 148 19 79 
129 147 19 79 
130 150 19 78 
132 156 19 77 
138 157 19 78 
140 156 19 78 
144 154 19 79 
144 151 20 80 
147 148 20 81 
143 150 20 79 
148 154 19 78 
152 159 19 78 
153 164 19 78 
150 164 19 76 
152 163 19 77 
152 163 19 77 
151 161 19 77 
152 164 19 77 
154 168 19 78 
156 169 19 76 
159 170 18 74 
155 174 18 72 
153 178 18 71 
152 179 18 71 
148 183 18 72 
144 186 18 72 
141 185 18 71 
136 189 18 71 
136 191 17 69 
136 196 17 70 
136 194 17 70 
136 190 17 70 
134 188 17 70 
131 181 17 69 
130 179 17 69 
128 171 17 69 
124 168 17 68 
124 171 17 69 
123 172 17 68 
123 172 17 67 
118 171 17 69 
119 170 17 69 
120 167 17 70 
119 164 18 71 
118 161 17 70 
114 156 18 71 
108 152 18 72 
110 153 18 73 
119 156 18 73 
120 157 18 71 
127 160 18 72 
130 156 17 70 
130 154 18 71 
129 157 18 72 
129 156 18 72 
129 160 18 72 
131 162 18 73 
130 165 18 73 
132 169 18 73 
134 170 18 72 
136 169 18 72 
143 171 18 72 
143 172 18 72 
141 175 18 72 
141 176 18 72 
143 178 18 71 
142 180 17 70 
144 180 18 71 
146 180 17 70 
147 182 17 69 
150 183 17 69 
151 183 17 68 
146 185 17 69 
137 190 17 69 
132 195 17 68 
133 196 17 68 
129 193 17 68 
133 189 17 67 
132 187 17 67 
130 187 17 67 
131 185 17 68 
131 183 17 69 
130 184 17 70 
127 184 18 72 
124 182 18 73 
125 180 18 74 
121 181 18 72 
121 180 18 71 
120 180 18 71 
119 182 18 72 
119 185 18 72 
122 188 18 72 
123 188 18 71 
123 188 18 71 
124 187 18 72 
128 187 18 72 
127 188 18 71 
122 188 18 71 
121 189 18 72 
122 193 18 71 
123 194 17 70 
124 194 17 70 
123 193 18 73 
124 192 18 72 
118 192 18 72 
120 194 18 72 
122 194 18 71 
123 195 17 70 
121 196 17 68 
118 198 17 67 
117 195 16 66 
115 189 16 65 
113 188 16 65 
111 186 16 65 
108 185 16 65 
102 186 16 64 
