87 137 29 23 
87 136 29 23 
87 136 29 23 
90 136 29 23 
88 136 29 23 
89 137 29 23 
91 136 29 23 
91 135 30 24 
93 136 30 23 
91 134 29 23 
91 135 29 23 
92 136 30 24 
92 135 30 23 
94 135 30 23 
94 135 30 24 
95 135 30 23 
95 135 30 23 
95 135 30 23 
97 134 29 23 
97 135 29 23 
97 135 29 23 
97 135 29 23 
98 134 29 23 
100 136 29 23 
99 135 29 23 
100 133 29 23 
102 134 29 23 
99 136 30 24 
101 136 30 23 
102 135 30 24 
103 135 30 24 
103 135 30 23 
105 135 29 23 
105 135 29 23 
105 135 29 23 
105 135 29 23 
106 136 29 23 
105 135 28 23 
105 136 29 23 
106 136 29 23 
107 136 29 23 
106 136 29 23 
107 136 29 23 
107 138 30 23 
107 138 30 23 
107 138 29 23 
108 140 29 23 
108 140 29 23 
107 140 29 23 
109 139 30 23 
109 139 30 23 
109 140 29 23 
109 140 29 23 
110 139 30 23 
110 139 30 24 
110 138 30 24 
110 138 30 24 
111 138 30 24 
111 138 30 24 
112 139 30 24 
112 139 30 24 
111 139 30 24 
111 139 30 24 
112 137 30 24 
112 137 30 24 
112 137 30 24 
112 137 30 24 
112 136 30 24 
112 136 30 24 
112 136 30 24 
113 137 30 24 
114 137 30 24 
114 137 30 24 
114 137 29 23 
114 137 30 23 
114 137 30 24 
114 137 30 24 
114 138 30 24 
114 137 30 23 
114 137 30 23 
114 137 30 23 
114 137 30 23 
114 137 30 24 
114 137 30 24 
115 137 30 24 
115 137 30 24 
115 137 30 24 
116 138 29 23 
117 137 30 24 
115 137 30 24 
116 137 30 24 
117 137 30 24 
117 137 30 24 
116 136 30 24 
117 137 30 24 
115 137 30 24 
116 136 30 24 
116 136 30 24 
116 136 30 24 
117 137 30 24 
117 137 31 24 
117 137 31 24 
118 137 31 24 
117 136 31 24 
118 136 31 24 
118 136 31 24 
117 137 31 24 
117 137 31 24 
117 137 31 24 
117 137 31 24 
117 136 30 24 
118 137 31 24 
118 136 31 24 
117 137 30 24 
119 136 30 24 
119 136 30 24 
118 136 31 24 
118 136 31 24 
118 136 31 24 
116 135 30 24 
119 135 30 24 
119 135 30 24 
119 135 30 24 
118 134 30 24 
119 136 30 24 
119 135 31 24 
119 135 31 24 
120 136 31 24 
119 134 31 24 
118 135 31 25 
118 135 31 25 
119 135 31 25 
119 135 31 25 
119 135 31 25 
118 136 31 24 
118 136 31 25 
118 136 31 25 
117 135 31 25 
117 135 31 25 
117 135 31 25 
118 135 31 25 
118 135 31 25 
117 135 31 24 
116 136 31 24 
116 135 30 24 
118 135 31 24 
118 134 30 24 
116 135 31 24 
118 134 31 24 
118 134 31 25 
117 134 31 25 
117 134 31 25 
117 134 31 25 
119 135 31 25 
117 135 31 25 
116 135 32 25 
117 134 31 25 
116 136 31 25 
116 135 31 25 
116 136 31 25 
117 135 31 25 
116 135 31 25 
116 136 31 25 
118 135 32 25 
116 136 31 25 
117 135 32 25 
116 136 32 25 
116 136 31 25 
116 136 31 25 
116 135 31 25 
116 136 31 24 
116 136 31 24 
116 136 31 24 
116 136 31 24 
116 136 31 24 
116 136 31 24 
116 136 31 24 
116 135 31 24 
116 135 31 24 
115 136 31 25 
115 136 31 25 
116 135 31 25 
116 136 31 25 
116 136 31 25 
116 136 31 25 
116 136 31 24 
117 136 30 24 
118 137 30 24 
118 137 30 24 
118 137 30 24 
120 137 30 24 
118 137 29 23 
118 137 29 23 
119 136 30 24 
118 138 30 24 
120 136 30 24 
120 136 30 24 
120 136 30 24 
120 136 30 24 
120 135 30 24 
120 135 30 24 
120 136 30 24 
120 136 30 24 
120 135 30 24 
120 135 31 24 
121 135 31 24 
121 135 31 24 
121 135 31 24 
122 136 31 24 
121 135 31 24 
121 136 31 25 
123 135 31 24 
122 137 31 25 
122 137 31 24 
123 137 31 25 
122 136 31 24 
122 136 31 24 
122 137 30 24 
122 137 31 24 
122 137 31 24 
122 137 31 24 
123 138 31 25 
123 137 31 24 
123 137 31 24 
123 137 31 25 
123 136 31 24 
124 136 31 24 
124 135 31 24 
125 135 31 25 
125 135 31 25 
126 135 31 25 
126 136 31 25 
127 134 31 25 
127 135 31 25 
127 135 31 25 
129 136 31 25 
129 136 31 25 
129 135 31 25 
129 135 32 25 
130 136 32 25 
129 136 31 25 
129 136 31 25 
130 136 31 25 
131 135 32 25 
131 136 32 25 
131 136 32 25 
130 136 32 25 
134 136 31 25 
133 135 31 25 
133 135 31 25 
132 134 31 24 
134 135 31 25 
134 135 31 25 
135 134 31 25 
135 134 31 25 
135 135 31 25 
135 134 31 25 
135 134 31 25 
138 134 31 25 
138 134 31 25 
138 134 31 25 
139 134 31 25 
142 133 31 25 
142 134 31 25 
142 134 31 25 
141 134 31 25 
145 134 31 25 
144 134 32 26 
142 133 32 25 
146 134 32 26 
145 135 32 26 
144 134 33 26 
144 134 33 26 
144 133 33 26 
148 133 33 26 
150 133 33 26 
146 132 33 27 
149 132 34 27 
145 131 33 26 
134 130 33 26 
134 129 33 26 
140 130 33 26 
140 130 33 26 
135 129 33 26 
137 130 33 26 
134 130 33 26 
138 131 33 26 
138 131 33 26 
137 131 33 27 
156 131 33 26 
156 132 34 27 
156 132 34 27 
156 132 34 27 
155 132 33 27 
157 131 34 27 
154 131 34 27 
155 131 34 27 
159 132 34 27 
158 131 34 27 
156 130 34 27 
159 131 34 27 
159 130 34 27 
162 130 34 27 
159 131 34 27 
162 131 33 27 
163 131 34 27 
162 131 34 27 
164 132 34 27 
161 132 33 27 
163 134 34 27 
162 135 34 27 
164 136 34 27 
161 136 34 27 
162 136 34 27 
160 137 33 27 
162 138 34 27 
162 138 34 27 
163 138 34 27 
163 138 34 27 
161 137 34 27 
161 137 34 27 
161 136 34 27 
158 135 34 27 
159 135 34 27 
160 133 34 27 
159 133 34 27 
159 132 34 27 
158 133 33 26 
158 133 33 26 
157 131 33 26 
157 131 33 26 
155 133 34 27 
155 133 33 26 
155 133 33 26 
155 133 33 26 
153 135 33 26 
152 134 33 26 
154 136 33 26 
150 136 33 26 
150 137 33 26 
149 136 33 26 
147 138 33 26 
149 137 34 27 
147 138 34 27 
145 139 34 27 
145 139 34 27 
143 139 34 27 
142 140 34 27 
142 140 34 27 
140 140 34 27 
139 141 34 27 
137 141 34 27 
137 141 34 27 
136 141 34 27 
133 142 34 27 
133 142 34 27 
132 142 34 27 
132 142 34 27 
131 142 34 27 
128 141 34 27 
128 141 34 27 
126 142 34 27 
126 140 34 27 
126 140 34 27 
124 140 34 27 
122 140 34 27 
120 139 34 27 
121 141 34 27 
118 140 34 27 
118 140 34 27 
117 141 34 27 
114 140 34 27 
114 140 34 27 
113 141 34 27 
112 141 34 27 
109 140 34 27 
109 140 34 27 
107 140 34 27 
105 142 34 27 
105 142 33 26 
103 141 33 26 
104 142 33 26 
102 142 34 27 
99 140 34 27 
98 140 34 27 
97 142 35 28 
92 142 35 28 
92 142 35 28 
92 143 35 28 
90 143 35 28 
88 143 35 28 
87 143 35 28 
86 143 34 27 
