353 37 95 65 
356 57 95 65 
360 79 95 65 
369 107 96 66 
372 134 96 66 
376 162 96 66 
371 181 96 66 
361 174 96 65 
360 151 96 65 
360 124 96 66 
348 102 96 66 
327 83 97 66 
297 80 96 66 
279 70 96 66 
262 66 96 66 
254 67 96 66 
252 73 96 66 
252 86 97 66 
259 101 96 66 
268 124 97 66 
276 149 96 66 
286 167 96 66 
297 166 96 66 
308 147 96 66 
325 117 96 66 
326 95 95 65 
325 78 96 65 
308 65 95 65 
288 57 95 65 
282 52 95 65 
282 51 95 65 
284 58 95 65 
292 66 95 65 
310 79 95 65 
322 100 95 65 
343 123 95 65 
376 154 95 65 
401 184 95 65 
419 207 95 65 
439 209 96 65 
459 197 95 65 
472 179 96 65 
474 162 95 65 
449 149 95 65 
414 145 95 65 
393 140 95 65 
380 132 95 65 
369 129 95 65 
361 126 95 65 
358 129 95 65 
360 133 95 65 
366 143 96 65 
381 164 96 66 
388 183 96 65 
391 197 96 66 
394 195 96 66 
402 179 96 66 
413 155 96 66 
424 133 96 66 
441 112 96 66 
438 86 96 66 
422 64 96 66 
401 47 96 66 
391 36 97 66 
390 33 97 66 
389 33 97 66 
385 36 97 66 
382 45 96 66 
390 58 96 66 
399 74 96 66 
409 92 96 66 
