164 126 34 33 
166 129 34 33 
169 133 35 34 
172 135 35 34 
174 135 34 33 
177 133 34 33 
177 134 34 33 
177 134 34 33 
178 135 34 33 
179 135 34 33 
183 133 34 33 
182 130 34 33 
176 128 34 33 
173 123 35 34 
173 123 35 34 
172 93 34 33 
168 88 35 34 
166 85 35 34 
160 86 35 34 
154 83 35 34 
148 82 35 34 
146 81 34 33 
146 81 34 33 
146 81 34 33 
148 79 35 34 
156 81 35 34 
164 87 35 34 
169 95 35 34 
176 105 35 34 
178 115 35 34 
183 136 34 33 
182 142 34 33 
183 140 33 32 
184 131 33 32 
183 108 33 32 
187 88 33 32 
177 67 33 32 
179 65 33 32 
179 67 33 32 
176 70 33 32 
177 86 34 33 
177 109 34 33 
178 126 34 33 
177 134 33 32 
179 137 33 32 
176 117 33 32 
175 107 33 32 
175 104 33 32 
173 106 33 32 
173 110 32 32 
170 126 32 31 
170 136 32 31 
170 149 32 31 
171 164 32 31 
174 182 32 31 
174 163 32 31 
170 147 32 31 
169 135 32 31 
171 130 32 31 
169 124 32 31 
164 123 32 31 
165 125 32 31 
164 131 31 30 
160 140 31 30 
160 152 31 30 
157 152 31 30 
152 142 31 30 
150 122 31 30 
146 98 32 31 
144 92 31 31 
137 86 31 30 
138 89 32 31 
136 105 32 31 
137 123 31 31 
136 138 31 31 
140 158 31 30 
139 155 31 31 
138 137 31 30 
144 118 31 30 
155 102 31 30 
159 89 31 30 
165 87 31 30 
171 88 31 30 
175 95 30 29 
177 103 30 29 
189 128 30 29 
186 133 30 29 
189 128 30 29 
188 111 30 29 
189 98 30 29 
194 86 30 29 
194 86 30 29 
194 90 30 29 
193 97 30 29 
195 113 30 29 
193 149 30 29 
190 156 30 29 
186 142 30 29 
181 130 30 29 
178 123 30 29 
175 113 30 29 
172 112 30 29 
171 113 30 29 
169 117 29 29 
170 125 29 28 
169 147 29 28 
163 142 30 29 
158 125 29 29 
150 104 29 28 
147 99 29 29 
141 94 29 28 
139 96 29 29 
136 100 29 28 
135 109 28 28 
137 122 28 27 
138 142 28 27 
137 133 29 28 
137 120 29 28 
136 111 28 27 
139 106 28 27 
145 104 28 27 
145 110 28 27 
149 116 28 27 
154 126 28 27 
161 139 29 28 
178 158 29 28 
178 143 29 28 
181 128 29 28 
184 116 29 28 
185 111 29 28 
187 103 29 28 
188 103 29 28 
184 110 29 28 
182 119 29 28 
178 132 29 28 
176 148 29 28 
177 139 30 29 
176 118 30 29 
174 109 30 29 
175 103 30 29 
173 99 30 29 
173 102 30 29 
170 109 30 29 
168 117 30 29 
167 127 30 29 
166 132 30 29 
163 117 30 29 
162 103 30 29 
158 96 30 29 
151 96 30 29 
139 103 30 29 
135 112 29 28 
135 124 29 28 
134 140 29 28 
131 155 29 28 
133 164 29 28 
133 149 29 28 
135 142 29 28 
138 136 29 28 
142 132 29 28 
152 134 29 28 
157 138 29 29 
165 145 29 28 
171 159 30 29 
176 173 30 29 
186 170 30 29 
188 154 30 29 
192 142 30 29 
199 136 30 30 
203 130 31 30 
206 130 31 30 
207 132 30 30 
205 140 31 30 
200 153 31 30 
195 163 31 30 
180 157 31 30 
174 137 31 30 
165 119 31 30 
158 102 31 30 
154 94 30 29 
149 90 30 29 
149 94 30 30 
149 103 30 29 
150 116 30 29 
151 130 30 29 
154 123 30 29 
154 115 30 29 
155 108 31 30 
156 105 31 30 
161 106 31 30 
169 117 31 30 
168 126 31 30 
171 140 31 30 
171 157 31 30 
171 171 31 30 
172 161 31 30 
171 150 31 30 
171 146 31 30 
170 146 31 30 
170 147 31 30 
170 156 31 30 
171 168 31 31 
171 183 32 31 
174 200 32 31 
175 220 32 31 
175 211 32 31 
174 194 32 31 
174 181 32 31 
173 171 32 31 
174 161 32 31 
172 147 32 31 
174 149 32 31 
172 159 32 31 
174 167 32 31 
175 179 32 31 
175 161 32 31 
174 137 32 31 
175 113 32 31 
174 101 33 32 
173 97 33 32 
171 97 32 31 
170 103 32 31 
169 114 32 32 
169 132 33 32 
170 148 32 31 
162 134 32 31 
161 120 32 31 
159 113 32 31 
155 109 32 32 
153 107 33 32 
150 114 33 32 
148 122 33 32 
147 134 33 32 
148 150 33 32 
151 148 33 32 
156 119 32 31 
159 112 32 31 
160 108 33 32 
167 102 33 32 
172 102 33 32 
176 115 33 32 
179 126 33 32 
191 140 33 32 
193 142 33 32 
194 136 33 32 
196 106 32 31 
196 99 32 31 
198 98 32 32 
197 96 33 32 
200 98 33 32 
206 107 33 32 
209 119 33 32 
211 134 33 32 
215 140 34 33 
215 133 34 33 
214 102 33 32 
214 97 33 32 
210 96 34 33 
204 96 34 33 
198 99 34 33 
191 112 34 33 
189 123 34 33 
187 138 34 33 
186 138 34 33 
180 127 34 33 
176 103 34 33 
174 97 35 34 
174 98 35 34 
172 100 35 34 
171 103 35 34 
169 127 35 34 
166 138 35 34 
165 150 35 34 
162 147 35 34 
151 134 35 34 
132 116 35 34 
131 114 35 34 
131 114 35 34 
128 115 35 34 
127 120 35 33 
134 140 34 33 
137 153 34 33 
141 155 34 33 
147 150 33 32 
154 132 33 32 
161 102 33 32 
165 95 33 32 
171 89 33 32 
174 88 33 32 
178 96 33 32 
181 117 34 33 
180 129 34 33 
180 136 34 33 
180 133 34 33 
178 118 34 33 
176 96 34 33 
176 91 34 33 
175 89 34 33 
172 93 34 33 
170 100 34 33 
165 121 33 33 
161 132 34 33 
161 139 34 33 
156 130 33 32 
156 119 33 32 
155 114 33 32 
158 113 33 32 
160 119 33 32 
161 129 33 32 
161 137 33 32 
162 157 33 32 
162 172 33 32 
161 185 33 32 
