154 90 27 34 
154 90 27 34 
156 91 27 34 
155 91 27 34 
156 90 27 34 
157 91 27 34 
156 91 27 34 
157 89 27 34 
157 91 27 34 
157 91 27 34 
159 90 27 34 
159 90 27 35 
159 90 27 35 
160 89 27 34 
160 91 27 34 
162 89 26 33 
161 90 26 33 
164 89 26 33 
164 89 26 33 
165 88 26 33 
168 90 26 33 
168 90 26 33 
168 90 26 32 
171 89 26 32 
173 88 25 32 
176 88 26 32 
176 89 26 33 
176 90 26 32 
179 89 26 33 
181 88 26 32 
183 88 26 33 
182 89 26 32 
185 90 25 32 
186 89 26 32 
187 88 26 32 
188 89 26 32 
188 89 26 32 
189 89 26 33 
191 90 26 33 
191 90 26 33 
193 87 26 33 
193 87 26 33 
193 87 26 33 
193 87 26 33 
193 89 27 34 
194 88 27 34 
193 89 27 34 
192 88 27 34 
191 88 27 34 
192 90 27 34 
189 88 26 33 
189 88 26 33 
188 88 26 33 
186 89 26 33 
185 88 26 33 
184 87 26 33 
182 89 26 33 
179 89 26 33 
178 87 26 33 
177 87 26 33 
173 89 26 33 
173 89 26 32 
170 88 26 32 
169 90 26 33 
168 89 27 33 
165 88 27 34 
163 89 27 34 
161 88 27 34 
159 89 27 34 
158 89 27 34 
154 90 27 34 
153 89 27 34 
152 89 27 34 
150 90 27 34 
148 89 26 33 
148 90 26 33 
144 90 26 32 
144 91 26 32 
143 90 26 32 
140 89 26 32 
138 90 26 33 
138 92 26 32 
138 92 26 32 
136 92 26 32 
135 92 26 32 
135 92 26 32 
134 92 25 32 
134 92 26 33 
134 92 26 33 
134 92 26 33 
134 93 26 33 
134 93 26 33 
134 93 26 33 
136 93 26 32 
134 94 26 32 
135 94 26 33 
136 93 26 32 
136 94 26 32 
137 94 26 33 
137 95 26 33 
134 93 26 33 
137 95 26 33 
137 95 26 33 
136 95 26 33 
138 95 26 32 
140 95 25 32 
141 95 25 32 
141 95 25 32 
143 95 25 31 
143 95 25 31 
146 94 25 32 
146 95 25 32 
146 95 25 32 
149 94 25 32 
151 94 25 31 
151 94 25 31 
151 94 25 31 
153 94 25 31 
153 94 25 31 
154 94 25 32 
158 94 25 32 
158 94 25 32 
158 92 25 32 
157 93 25 32 
161 93 26 32 
160 93 26 32 
162 92 26 33 
163 94 26 33 
163 94 26 33 
164 93 27 34 
164 93 27 34 
165 93 27 34 
165 93 26 33 
167 92 26 33 
168 93 26 33 
169 93 26 32 
170 93 26 32 
170 93 26 33 
171 94 27 34 
171 94 27 34 
173 94 26 33 
173 94 26 33 
173 94 26 33 
173 94 26 33 
172 95 26 33 
172 95 26 33 
171 95 26 33 
172 97 26 33 
172 98 27 34 
172 98 27 34 
173 99 27 34 
174 99 27 34 
173 100 27 34 
173 100 27 34 
173 100 27 34 
173 102 27 34 
173 102 27 34 
172 104 27 34 
171 105 27 34 
172 105 27 34 
172 107 27 34 
172 107 26 33 
172 108 26 33 
172 108 26 33 
172 108 26 33 
171 109 26 33 
173 110 26 32 
173 110 26 32 
173 110 26 32 
172 109 26 33 
172 109 26 32 
172 109 26 32 
170 108 26 33 
170 108 26 33 
170 108 26 33 
170 108 26 33 
170 108 26 33 
170 106 26 33 
170 106 26 33 
170 106 26 33 
168 103 26 33 
168 103 26 33 
167 103 26 33 
167 102 26 33 
167 101 27 34 
167 101 27 34 
167 99 27 34 
167 99 27 34 
167 98 27 34 
166 97 27 35 
166 97 27 35 
166 96 27 34 
166 96 27 34 
165 95 27 34 
167 95 27 34 
168 94 27 34 
166 95 27 34 
166 95 27 34 
168 95 27 34 
166 95 27 34 
169 93 27 34 
169 93 27 34 
169 93 27 34 
169 92 27 34 
169 92 27 34 
170 92 27 34 
168 93 27 34 
169 92 27 34 
169 92 27 34 
169 92 27 34 
167 93 27 34 
167 93 27 34 
166 93 27 34 
164 93 27 34 
163 94 27 34 
161 93 27 34 
159 94 27 34 
156 94 27 34 
153 94 26 33 
151 94 26 33 
146 94 26 32 
146 95 25 32 
143 94 25 32 
140 95 25 32 
138 94 26 32 
136 94 26 32 
133 94 25 32 
131 94 26 32 
130 94 25 32 
127 94 25 32 
125 94 26 32 
124 94 26 32 
122 94 26 33 
121 95 26 33 
121 94 26 33 
119 94 26 33 
120 94 26 33 
120 95 27 34 
120 95 27 34 
117 95 27 34 
117 95 27 34 
117 95 27 34 
117 95 27 34 
116 96 26 33 
117 95 26 33 
117 95 26 33 
118 97 26 33 
117 96 26 33 
117 96 26 33 
117 97 26 33 
117 99 27 33 
118 99 27 34 
118 99 27 34 
119 101 27 34 
117 101 26 33 
117 101 26 33 
118 101 27 34 
116 102 27 34 
114 102 27 34 
113 101 27 33 
111 101 27 33 
111 101 27 33 
110 101 27 34 
108 101 27 34 
104 101 27 34 
103 100 27 34 
102 101 27 34 
98 101 27 34 
96 101 28 35 
94 101 28 35 
88 102 28 35 
88 100 28 35 
85 101 28 35 
83 100 27 35 
79 101 27 35 
75 100 27 34 
72 100 27 34 
71 100 27 34 
67 101 27 34 
62 100 26 33 
59 99 27 33 
59 99 26 33 
54 100 26 33 
53 100 26 33 
52 99 26 33 
48 100 27 34 
48 100 27 34 
46 100 27 34 
43 100 27 34 
42 101 27 34 
37 100 27 34 
37 100 27 34 
35 100 27 34 
34 100 27 34 
34 100 27 34 
32 100 27 34 
32 100 27 34 
29 99 26 33 
28 100 26 33 
28 98 27 34 
28 98 27 34 
26 99 27 34 
28 99 26 33 
26 98 26 33 
27 99 26 33 
26 99 27 34 
25 99 26 33 
25 99 27 34 
26 99 27 33 
26 98 27 34 
26 99 27 34 
26 99 27 34 
26 98 27 34 
26 98 27 34 
26 99 26 33 
27 98 26 33 
27 98 26 33 
28 99 26 33 
28 99 26 33 
30 99 26 33 
33 100 26 33 
32 100 27 33 
34 101 26 33 
36 102 26 33 
38 104 26 33 
42 104 27 33 
46 106 27 34 
48 109 27 34 
51 111 28 35 
54 113 27 34 
61 118 27 35 
63 117 28 35 
67 119 27 34 
70 122 27 34 
72 125 27 34 
75 127 26 33 
78 131 27 34 
81 134 27 35 
84 136 28 35 
87 138 27 34 
93 141 28 35 
92 142 28 35 
94 144 27 34 
96 145 27 34 
98 146 27 34 
99 149 27 34 
102 149 27 34 
103 151 28 35 
104 151 28 35 
106 153 28 36 
109 154 28 35 
109 154 28 35 
111 155 28 35 
112 154 28 35 
114 156 28 35 
114 157 28 35 
115 157 28 35 
118 157 28 36 
119 158 28 35 
119 158 28 35 
122 159 28 36 
122 159 28 36 
123 160 28 35 
125 160 28 36 
126 160 29 36 
127 158 29 36 
128 158 29 36 
127 157 29 36 
127 156 29 36 
128 154 29 36 
128 151 29 37 
129 150 29 37 
130 150 30 37 
131 149 30 37 
131 148 30 38 
130 147 30 38 
134 147 30 38 
136 145 30 37 
134 144 30 38 
136 143 30 38 
138 142 30 38 
138 142 30 38 
138 141 30 38 
139 141 30 38 
139 141 30 38 
140 141 30 38 
140 139 30 38 
140 139 31 38 
141 138 30 38 
141 138 31 39 
141 138 31 39 
142 137 31 39 
142 137 31 39 
142 137 31 39 
145 136 31 39 
141 136 31 39 
145 136 31 39 
142 135 31 39 
144 135 31 40 
144 135 31 40 
149 135 31 39 
149 135 31 39 
152 133 31 39 
153 134 31 39 
158 133 31 39 
162 133 31 38 
165 131 31 38 
170 132 31 38 
169 130 31 39 
174 128 31 39 
180 126 31 40 
181 125 32 40 
185 125 32 40 
186 124 31 39 
188 123 31 39 
192 124 31 39 
194 122 31 39 
194 122 31 39 
197 123 32 40 
197 121 32 40 
198 120 32 40 
198 120 32 40 
197 120 32 40 
197 120 32 40 
197 120 31 39 
197 119 32 40 
193 118 32 40 
192 121 32 40 
192 119 32 40 
190 117 32 40 
191 119 32 40 
191 117 32 40 
186 117 32 40 
188 118 31 40 
188 117 31 39 
182 118 31 39 
182 118 31 39 
182 118 31 39 
182 118 31 40 
183 117 32 40 
184 116 32 40 
188 115 32 40 
186 114 32 40 
187 115 32 41 
190 114 33 41 
190 113 33 41 
195 112 33 42 
195 112 33 42 
197 110 33 41 
198 110 33 41 
205 110 33 42 
206 109 33 42 
210 109 33 42 
213 108 33 42 
214 109 33 41 
217 108 33 42 
219 108 33 41 
222 109 33 41 
225 108 33 41 
229 107 33 41 
234 107 33 41 
233 108 33 41 
235 108 32 41 
236 105 32 40 
237 105 32 41 
244 105 32 40 
245 104 32 40 
247 102 32 40 
248 102 32 40 
254 100 31 40 
256 96 31 39 
256 96 31 39 
257 94 31 39 
260 92 32 40 
260 92 32 40 
262 91 32 40 
264 90 32 40 
265 89 31 40 
265 88 31 39 
266 89 31 39 
266 90 31 39 
266 90 31 39 
266 89 31 39 
266 90 31 39 
265 90 31 39 
262 91 31 39 
261 91 31 39 
261 91 31 39 
260 92 31 39 
257 92 31 38 
255 95 31 39 
255 93 31 39 
254 93 31 39 
251 95 31 39 
250 94 31 39 
248 95 31 39 
246 96 32 40 
245 97 32 40 
242 97 32 40 
242 97 32 40 
239 98 32 40 
239 98 32 40 
237 98 31 40 
234 98 31 40 
234 98 31 40 
232 99 32 40 
230 99 32 40 
229 100 31 40 
227 98 31 39 
225 97 32 40 
222 98 32 41 
223 97 32 41 
222 97 32 40 
220 97 32 40 
219 99 32 40 
219 99 32 40 
218 98 31 40 
219 96 31 40 
218 97 32 40 
218 98 31 40 
218 97 31 40 
217 97 31 39 
220 97 31 39 
218 97 31 38 
220 96 30 38 
220 96 30 38 
220 96 30 38 
220 95 30 38 
222 96 30 38 
221 96 31 38 
221 97 31 39 
221 96 31 39 
224 96 31 39 
224 96 32 40 
224 96 32 40 
224 96 32 40 
226 96 32 40 
