179 230 34 84 
180 230 35 86 
179 229 34 85 
178 229 35 86 
179 228 35 86 
179 228 35 86 
179 227 35 87 
178 226 36 88 
177 224 37 90 
177 224 37 90 
180 223 37 91 
180 223 37 91 
178 224 37 91 
178 224 37 92 
180 225 37 92 
176 226 37 92 
176 226 37 92 
180 226 37 92 
177 228 37 92 
178 229 37 93 
181 232 37 93 
181 225 38 93 
183 235 38 93 
180 226 37 92 
181 228 37 91 
184 228 36 90 
188 228 36 90 
188 227 36 89 
190 226 36 89 
189 226 36 89 
192 226 36 89 
192 225 36 88 
189 226 35 87 
191 226 35 86 
197 229 35 86 
176 232 35 87 
178 229 35 88 
184 233 36 88 
183 227 35 87 
184 234 35 87 
184 220 35 86 
176 207 35 86 
180 215 35 86 
180 224 35 86 
177 236 35 86 
184 235 35 87 
173 223 35 87 
175 215 35 87 
167 207 35 87 
164 219 35 87 
172 191 35 87 
172 206 36 88 
177 198 36 88 
184 204 36 88 
170 204 35 87 
166 216 35 88 
155 229 35 86 
161 231 35 85 
161 231 35 85 
158 230 35 86 
137 232 35 87 
164 231 35 87 
133 233 35 86 
130 234 35 86 
135 233 35 86 
136 233 34 85 
118 236 35 86 
102 241 35 86 
86 240 35 86 
83 244 35 86 
97 252 35 86 
86 231 34 84 
101 224 34 84 
96 242 34 84 
98 239 34 84 
104 269 34 84 
92 272 34 84 
110 282 34 84 
122 281 34 85 
102 279 34 84 
105 243 34 84 
101 277 34 84 
105 279 34 85 
83 269 35 85 
91 285 35 86 
88 281 35 86 
91 298 35 86 
84 293 35 87 
89 298 35 86 
77 317 35 86 
47 316 35 87 
73 316 36 88 
55 294 35 87 
33 284 35 87 
39 278 35 87 
40 283 35 87 
41 288 35 87 
44 289 35 87 
37 284 35 85 
34 289 34 85 
36 292 35 86 
18 288 35 87 
32 313 35 86 
56 310 35 86 
66 318 34 84 
77 318 34 84 
78 315 34 83 
76 317 33 82 
56 313 33 83 
53 314 33 82 
48 311 34 83 
39 312 34 83 
19 309 34 83 
43 319 33 82 
37 312 33 83 
40 313 34 83 
38 316 33 82 
36 318 34 83 
37 310 34 83 
47 308 34 83 
67 301 33 82 
89 313 33 82 
90 310 33 82 
94 318 34 83 
103 314 34 84 
110 306 34 84 
107 295 34 83 
110 294 34 83 
99 313 34 83 
113 318 34 84 
109 319 34 83 
105 318 34 83 
108 319 33 82 
105 320 33 80 
101 320 32 80 
104 320 32 79 
111 321 32 78 
117 309 32 79 
113 304 32 79 
92 321 32 78 
81 321 31 78 
87 321 31 77 
94 311 31 78 
98 311 32 78 
93 312 31 77 
93 314 31 77 
98 311 31 77 
101 320 32 78 
96 321 32 79 
94 313 31 78 
85 310 31 77 
84 310 31 78 
74 313 31 78 
74 315 31 78 
83 315 31 77 
67 322 31 76 
92 322 31 76 
90 308 31 75 
93 309 31 76 
97 311 31 76 
113 310 31 77 
89 322 31 77 
102 322 31 77 
116 309 31 76 
120 308 31 77 
130 310 31 76 
135 308 31 76 
139 318 31 76 
153 317 31 77 
150 313 31 77 
152 321 32 78 
158 321 31 78 
164 321 32 78 
152 317 31 77 
165 322 31 77 
169 322 31 76 
184 322 30 75 
177 313 30 74 
186 306 30 74 
198 307 30 73 
194 307 30 74 
187 308 30 74 
192 306 30 73 
192 306 30 73 
195 306 30 73 
186 306 30 73 
220 323 30 73 
219 323 30 74 
210 305 30 74 
192 283 30 74 
194 254 30 75 
197 219 30 75 
198 224 30 75 
208 225 30 75 
220 209 30 75 
219 210 30 75 
217 207 30 75 
214 206 31 76 
215 206 31 76 
214 203 31 76 
213 204 31 76 
214 202 31 76 
213 205 31 76 
211 206 31 75 
210 204 31 76 
210 204 31 76 
208 204 31 77 
206 204 31 77 
208 206 31 77 
206 208 31 77 
205 209 31 78 
204 207 31 77 
205 208 31 76 
205 208 31 77 
203 205 31 76 
206 206 31 76 
206 203 30 75 
207 205 31 76 
209 204 30 75 
210 201 31 75 
208 202 30 75 
212 200 30 74 
208 203 30 74 
210 204 30 74 
213 203 30 74 
213 203 30 74 
213 202 30 74 
211 202 30 74 
212 201 30 74 
212 201 30 74 
212 200 30 73 
209 199 30 74 
209 198 31 76 
210 198 31 76 
210 198 31 76 
209 197 31 76 
209 197 31 76 
211 197 31 76 
210 196 31 76 
214 196 31 76 
214 196 31 76 
214 196 31 76 
214 196 31 77 
214 196 31 77 
215 197 31 77 
214 196 31 77 
216 198 31 76 
213 194 31 76 
212 197 31 76 
213 194 30 75 
219 191 31 76 
219 189 31 76 
219 189 31 76 
218 189 30 75 
218 189 31 75 
214 191 30 75 
215 192 31 76 
211 192 31 75 
214 193 31 76 
214 194 30 74 
213 195 30 75 
215 197 31 75 
215 197 31 75 
217 197 31 76 
220 196 31 77 
221 196 31 76 
221 192 30 75 
223 192 30 75 
223 192 30 74 
225 193 30 75 
227 191 30 73 
229 194 30 73 
230 195 29 73 
234 196 29 71 
238 197 29 71 
243 197 29 71 
246 197 29 71 
230 219 29 71 
228 241 28 70 
224 241 28 69 
223 241 28 69 
212 243 28 69 
206 216 28 69 
192 250 28 70 
194 242 28 70 
191 244 28 69 
173 245 28 69 
162 244 28 69 
169 242 28 70 
178 246 28 69 
176 246 28 69 
150 247 28 70 
147 245 28 69 
119 254 28 69 
111 264 28 69 
134 254 28 70 
135 256 28 69 
155 252 28 68 
150 258 27 67 
169 277 27 67 
157 278 27 67 
146 278 27 66 
131 277 27 66 
118 294 27 66 
139 291 27 66 
152 293 27 66 
139 294 26 64 
133 285 26 64 
135 309 26 64 
166 294 26 64 
179 328 26 64 
210 328 26 63 
180 322 25 63 
167 328 26 63 
158 325 26 64 
144 301 26 64 
138 277 26 65 
128 271 26 65 
114 269 26 64 
154 255 26 65 
153 247 26 65 
135 236 26 65 
128 260 26 64 
105 268 26 65 
83 252 26 65 
75 252 26 65 
110 217 26 65 
115 214 26 64 
104 217 26 63 
63 217 26 63 
56 221 25 62 
79 218 25 61 
74 217 25 61 
71 219 24 59 
66 218 24 59 
101 228 23 58 
96 224 23 58 
98 229 23 57 
93 219 23 56 
89 214 23 57 
86 220 23 57 
78 218 23 57 
77 220 23 57 
69 254 23 57 
67 231 23 57 
56 217 23 57 
59 214 23 57 
53 214 23 57 
50 219 23 56 
47 215 23 56 
43 215 22 55 
37 216 22 55 
31 215 23 56 
28 217 22 54 
26 223 22 55 
18 223 22 54 
11 222 22 54 
11 224 21 53 
11 223 21 52 
11 242 21 53 
20 258 21 53 
12 264 21 52 
34 266 21 53 
42 246 21 52 
35 246 21 52 
10 261 21 52 
11 254 21 52 
11 253 21 53 
11 256 22 53 
44 267 22 53 
41 263 22 54 
39 254 21 53 
33 259 21 53 
26 248 21 53 
20 259 21 53 
15 262 21 53 
11 260 21 52 
10 260 21 51 
11 232 21 52 
14 225 21 52 
10 228 21 51 
24 260 21 52 
11 280 21 52 
24 279 21 51 
10 278 21 52 
12 264 21 52 
10 259 21 52 
66 272 21 51 
87 281 21 51 
69 289 21 53 
67 275 21 52 
87 259 21 52 
101 258 21 51 
100 260 21 51 
104 260 21 52 
126 282 21 52 
123 279 21 51 
96 260 20 50 
93 259 21 51 
96 278 21 51 
