292 257 73 210 
292 257 73 210 
292 257 73 210 
291 255 74 212 
290 256 74 211 
290 256 73 211 
293 257 74 212 
290 256 74 213 
290 256 74 212 
289 256 74 212 
292 258 73 211 
292 258 73 211 
290 256 73 210 
291 256 73 211 
290 256 73 211 
291 256 73 211 
290 255 74 212 
290 255 74 212 
292 257 73 211 
292 256 73 211 
292 256 73 211 
292 255 74 212 
292 255 74 212 
292 255 74 212 
292 256 73 211 
292 257 73 211 
290 256 74 213 
290 255 74 213 
290 255 74 213 
290 255 74 213 
291 255 74 213 
291 257 74 212 
291 257 74 212 
291 256 73 211 
291 256 73 211 
291 256 74 213 
291 256 74 213 
292 257 74 213 
291 257 74 213 
291 257 74 213 
292 256 74 214 
291 256 74 214 
291 256 74 213 
291 256 74 213 
291 257 74 213 
291 257 74 213 
291 257 74 213 
290 257 74 213 
290 257 74 213 
291 257 74 212 
291 258 74 213 
290 257 74 212 
291 257 74 212 
291 256 74 213 
291 256 74 213 
291 257 74 212 
291 257 74 213 
291 257 74 213 
291 257 74 213 
291 257 74 213 
291 256 74 212 
291 256 74 212 
291 257 74 214 
290 257 74 214 
292 257 74 214 
291 257 74 214 
291 257 74 214 
291 255 74 214 
291 255 74 214 
292 257 74 213 
291 256 74 213 
291 256 74 214 
291 255 74 214 
292 255 74 213 
291 256 74 213 
291 256 74 213 
292 255 74 213 
290 255 74 213 
292 255 74 214 
290 256 74 214 
290 256 74 214 
290 256 74 214 
290 256 75 214 
290 256 75 214 
290 256 75 215 
290 256 75 215 
290 256 75 215 
290 256 75 215 
290 256 75 215 
290 257 74 214 
290 257 74 214 
290 257 74 214 
290 257 74 214 
290 256 74 214 
290 256 74 214 
290 256 74 214 
290 256 74 212 
291 256 74 212 
290 256 74 213 
290 255 74 212 
290 255 74 212 
290 255 74 212 
291 256 74 212 
291 256 74 212 
290 257 74 212 
290 255 74 212 
291 255 74 213 
291 255 74 213 
291 257 74 212 
291 257 74 212 
291 257 74 212 
290 255 73 211 
290 255 73 211 
291 256 74 212 
289 255 73 211 
290 256 74 212 
290 256 73 211 
289 256 73 211 
289 256 73 211 
290 255 73 210 
290 256 73 210 
291 257 73 210 
289 255 73 211 
289 256 73 211 
289 255 74 212 
290 256 73 211 
290 257 74 212 
290 256 74 212 
290 256 74 212 
290 256 74 212 
289 257 73 211 
290 256 73 210 
289 256 73 211 
289 256 73 211 
289 256 73 211 
289 256 73 211 
289 256 73 211 
290 256 74 211 
291 257 74 212 
289 255 74 212 
291 255 74 213 
290 256 74 213 
290 256 74 213 
290 256 74 213 
291 256 74 212 
291 256 74 212 
290 255 74 212 
290 255 74 212 
290 255 74 212 
291 255 73 211 
290 255 73 211 
291 255 73 210 
290 255 73 210 
292 255 73 211 
290 255 74 212 
290 255 74 212 
290 254 73 211 
290 254 73 211 
291 255 74 212 
290 255 74 212 
291 255 74 212 
290 255 74 212 
290 255 74 212 
290 255 74 212 
290 255 74 213 
291 255 74 214 
291 255 74 214 
291 255 74 214 
291 255 74 214 
291 255 74 214 
290 256 74 214 
291 255 74 214 
291 255 74 214 
291 255 74 214 
291 255 74 214 
291 255 74 214 
291 255 74 214 
291 256 74 213 
292 256 74 212 
292 256 74 212 
291 255 74 212 
290 255 74 213 
291 256 74 214 
291 255 75 214 
291 256 75 215 
290 255 75 215 
291 257 74 214 
291 255 75 215 
292 256 75 215 
291 255 75 217 
291 255 75 216 
291 255 75 216 
291 255 75 216 
291 255 75 216 
291 255 75 216 
291 255 75 216 
291 255 75 216 
290 255 75 217 
290 255 75 216 
291 256 75 216 
291 255 75 217 
291 255 75 217 
291 255 75 215 
291 254 75 214 
290 254 74 214 
290 254 74 214 
291 255 75 215 
291 256 75 215 
290 254 75 214 
290 254 75 214 
290 254 75 214 
290 254 75 214 
290 254 75 214 
291 254 75 216 
291 254 75 216 
291 254 75 216 
291 254 75 216 
290 253 75 216 
291 255 75 215 
291 255 75 216 
291 255 75 216 
291 253 75 216 
290 254 75 216 
290 254 75 216 
292 255 75 215 
292 255 75 215 
290 255 75 216 
292 254 75 216 
292 254 75 216 
291 254 75 215 
290 255 75 216 
292 254 75 215 
291 255 75 216 
291 255 75 216 
291 255 75 214 
291 255 75 214 
291 255 74 213 
291 255 74 213 
291 255 74 213 
291 255 74 213 
292 255 74 214 
292 255 74 214 
292 255 74 214 
292 254 74 214 
292 255 74 214 
291 256 74 214 
291 256 74 214 
291 254 74 213 
291 254 74 213 
290 255 74 212 
291 256 74 212 
291 256 74 212 
291 256 74 212 
291 256 73 210 
291 256 73 210 
291 256 73 210 
291 256 73 210 
291 256 73 210 
291 256 73 210 
291 256 73 210 
291 255 73 211 
292 256 73 211 
290 256 73 211 
292 256 73 210 
292 255 74 212 
291 255 73 211 
293 255 74 212 
293 254 73 211 
292 256 74 211 
292 256 73 211 
292 256 73 211 
291 256 73 211 
291 256 73 211 
291 256 73 211 
291 255 73 211 
291 255 73 211 
292 255 74 212 
292 255 74 212 
292 255 74 212 
292 255 74 212 
291 255 74 213 
291 255 74 213 
290 255 74 213 
291 255 74 212 
291 255 74 212 
292 256 73 210 
292 256 73 210 
292 256 73 211 
292 256 73 211 
292 256 73 211 
292 256 73 211 
292 256 73 211 
291 256 73 211 
291 256 73 211 
291 256 73 211 
291 256 73 210 
291 257 73 209 
291 257 73 209 
291 256 72 208 
291 256 72 208 
291 257 73 209 
291 257 73 209 
292 257 73 209 
292 257 73 209 
292 256 73 209 
293 256 73 209 
292 255 73 210 
292 255 73 210 
292 255 73 210 
293 254 73 210 
292 255 73 211 
291 254 73 209 
291 254 73 210 
290 253 73 209 
290 253 73 211 
288 251 73 210 
288 248 73 209 
289 247 73 209 
288 246 73 209 
288 244 72 208 
288 241 72 208 
286 237 72 207 
287 235 72 207 
288 232 71 206 
286 226 72 207 
283 224 71 205 
282 221 71 205 
281 217 71 205 
278 214 71 206 
278 208 72 206 
274 204 72 206 
273 199 71 205 
272 197 71 205 
266 194 71 203 
263 191 71 204 
260 189 71 203 
255 185 70 203 
247 183 71 204 
244 185 71 204 
237 177 71 204 
240 174 71 204 
234 172 71 205 
233 167 71 205 
226 164 71 205 
224 162 71 205 
221 158 71 205 
217 155 71 204 
214 151 71 204 
210 150 71 204 
207 147 71 204 
199 146 71 205 
200 144 71 204 
195 144 71 204 
190 142 71 205 
184 142 71 204 
179 142 71 204 
175 141 71 203 
170 142 71 203 
166 141 71 203 
159 140 71 203 
156 143 71 203 
150 144 70 203 
141 146 71 203 
141 148 70 203 
130 148 70 202 
127 150 70 203 
121 150 70 203 
117 153 70 203 
113 154 71 204 
108 154 71 204 
103 155 71 203 
98 156 71 204 
93 157 72 206 
87 158 72 206 
84 161 72 206 
73 162 71 206 
66 164 71 205 
65 165 71 205 
60 167 71 204 
53 169 71 205 
48 170 72 207 
40 173 72 208 
36 174 72 208 
36 176 72 207 
36 179 72 208 
36 179 72 208 
36 184 72 207 
36 183 71 206 
36 186 71 205 
36 183 71 204 
35 191 70 203 
35 189 71 203 
35 195 70 202 
35 197 70 203 
35 188 70 201 
35 201 70 202 
35 194 70 202 
35 205 70 201 
35 207 70 200 
35 231 70 200 
35 213 70 200 
35 213 70 201 
35 223 70 200 
35 218 69 199 
35 223 70 200 
35 229 70 201 
35 235 70 202 
35 240 70 202 
35 241 71 203 
35 241 70 202 
35 249 70 202 
51 247 70 202 
35 247 70 202 
61 252 70 202 
80 253 71 204 
80 253 71 205 
96 257 71 205 
104 254 71 205 
98 256 71 205 
125 258 71 204 
112 254 71 205 
123 255 71 205 
127 252 71 205 
151 246 71 205 
174 247 71 205 
177 244 71 205 
179 242 71 204 
185 246 71 205 
195 244 72 207 
212 242 72 206 
219 241 71 205 
230 238 71 205 
254 239 72 206 
255 241 72 206 
248 234 72 206 
276 230 71 206 
279 231 71 205 
282 233 71 205 
285 235 71 204 
284 235 70 202 
287 235 71 204 
289 237 71 204 
289 236 70 203 
291 237 70 202 
291 239 70 201 
290 241 70 200 
290 242 70 201 
290 243 70 202 
292 244 70 202 
291 245 70 201 
289 249 70 201 
288 250 70 201 
288 250 70 201 
288 250 70 201 
287 250 69 200 
289 250 69 199 
289 249 69 198 
289 249 69 198 
289 249 69 198 
288 250 69 200 
288 250 69 199 
288 249 69 200 
289 250 70 201 
287 248 70 201 
288 249 70 202 
288 250 70 202 
288 249 70 202 
287 248 70 202 
287 249 70 202 
287 248 70 202 
287 248 70 202 
287 248 70 203 
287 248 70 203 
288 248 71 204 
287 248 71 204 
288 248 71 204 
287 249 71 204 
287 249 71 204 
287 249 71 204 
287 249 71 204 
288 248 71 203 
288 248 71 203 
288 248 70 202 
288 248 70 202 
288 248 71 203 
289 250 71 203 
288 248 71 203 
289 249 71 203 
287 249 71 203 
289 248 71 204 
288 248 71 203 
289 247 71 203 
288 247 71 204 
288 247 71 204 
288 247 71 204 
288 246 71 204 
288 246 71 204 
287 246 71 204 
288 247 71 205 
288 247 71 205 
288 247 71 205 
288 247 71 205 
289 247 71 205 
289 246 71 204 
306 245 71 205 
299 245 71 206 
316 244 72 206 
331 241 71 205 
347 241 71 205 
370 237 72 206 
392 235 72 206 
410 233 72 206 
428 233 71 205 
442 232 71 206 
458 230 72 206 
472 231 71 205 
484 230 71 205 
493 230 71 204 
504 232 71 204 
511 232 71 205 
516 235 71 204 
518 236 71 204 
518 239 71 204 
514 243 70 203 
513 245 70 202 
511 249 71 203 
507 251 71 204 
499 259 71 204 
498 260 71 203 
495 262 71 204 
495 263 71 205 
497 264 71 204 
497 263 71 205 
503 262 71 205 
502 262 71 204 
502 262 71 204 
500 262 71 204 
503 262 71 203 
501 261 70 202 
502 262 70 202 
503 259 70 201 
504 261 70 200 
497 262 70 201 
503 263 70 201 
502 262 70 201 
503 262 70 202 
500 262 70 202 
503 263 71 203 
502 263 71 204 
503 264 71 203 
498 264 71 203 
502 264 71 204 
501 263 71 204 
499 265 71 205 
500 265 71 204 
500 265 71 204 
499 265 71 204 
499 265 71 204 
497 264 71 205 
500 265 71 203 
499 263 70 203 
499 265 71 203 
497 265 71 204 
497 265 71 204 
497 265 70 202 
496 265 70 201 
498 265 70 202 
497 265 70 203 
497 265 70 203 
497 265 70 203 
497 265 70 203 
497 265 70 203 
497 265 71 203 
497 265 71 203 
497 265 71 203 
496 264 71 203 
496 264 71 203 
496 264 71 203 
497 265 71 205 
497 265 71 205 
495 265 71 205 
497 264 71 205 
496 264 72 206 
497 264 72 207 
497 264 72 207 
497 264 72 208 
496 264 72 206 
496 264 72 206 
498 264 71 205 
498 264 71 205 
497 263 71 205 
497 265 72 206 
496 264 73 209 
496 264 73 209 
495 264 72 207 
497 264 72 208 
497 264 72 208 
497 264 72 208 
496 264 73 209 
496 264 72 208 
495 263 72 208 
495 264 72 208 
495 264 72 208 
496 263 72 208 
497 263 72 208 
497 263 72 207 
494 264 72 207 
494 264 72 207 
494 264 72 207 
494 264 73 209 
495 263 73 210 
495 263 73 210 
495 263 73 210 
495 263 73 210 
495 265 72 208 
495 264 72 208 
496 265 73 209 
494 264 73 209 
495 264 72 208 
495 264 72 208 
495 264 72 208 
496 263 72 208 
496 264 72 208 
496 264 72 208 
494 264 72 208 
494 264 72 208 
494 264 72 207 
494 264 72 206 
497 262 71 205 
495 264 71 205 
497 264 72 206 
494 265 72 207 
494 265 72 207 
495 263 72 206 
495 264 71 205 
497 263 71 205 
495 264 72 207 
495 264 72 207 
497 265 72 206 
494 263 72 206 
496 262 72 207 
497 264 72 206 
497 264 72 206 
497 264 72 206 
497 264 71 205 
497 264 71 205 
495 265 71 204 
496 263 71 204 
496 263 71 204 
496 263 71 205 
498 265 72 206 
496 262 71 205 
496 265 72 206 
496 264 72 206 
496 264 72 207 
496 264 72 207 
496 264 72 207 
496 264 72 207 
498 265 72 207 
498 265 72 207 
498 265 72 207 
496 265 72 208 
498 264 72 208 
498 264 72 207 
497 264 71 205 
495 264 71 205 
497 264 71 205 
495 264 71 205 
498 264 71 205 
495 263 72 206 
496 264 71 205 
496 264 71 205 
495 263 71 204 
494 264 71 205 
495 265 71 205 
495 265 71 205 
493 265 72 206 
494 265 71 205 
493 264 71 203 
495 262 71 204 
492 263 71 203 
494 265 71 203 
493 263 70 202 
496 263 70 202 
496 263 70 202 
495 263 70 202 
495 263 70 201 
495 263 70 201 
495 263 70 201 
495 263 70 201 
494 263 70 201 
494 263 70 201 
495 263 70 201 
494 264 70 202 
495 263 70 201 
496 263 70 201 
496 263 70 201 
493 263 70 201 
494 263 70 201 
494 263 70 201 
494 263 70 201 
496 262 70 201 
493 262 70 201 
493 262 70 201 
494 262 70 202 
492 263 70 202 
494 262 70 201 
490 262 70 201 
474 260 70 201 
451 268 70 201 
435 275 70 201 
436 258 70 200 
432 273 69 200 
435 241 70 200 
459 203 70 201 
456 208 70 202 
486 230 70 202 
478 260 70 203 
480 256 71 204 
494 262 71 203 
493 262 70 202 
493 262 70 202 
494 262 70 202 
494 262 70 202 
494 262 70 202 
494 262 70 202 
494 262 70 202 
494 262 70 202 
494 262 71 204 
493 262 71 203 
493 261 71 203 
494 262 71 204 
492 261 71 204 
493 261 71 203 
493 262 71 203 
493 262 71 203 
493 262 71 203 
494 262 70 203 
493 262 70 202 
493 262 71 203 
492 262 71 204 
492 262 71 204 
492 262 71 204 
492 262 71 204 
492 261 71 204 
493 262 71 204 
494 263 71 204 
493 262 71 204 
493 261 71 203 
493 261 71 203 
493 261 71 203 
492 261 71 203 
493 261 71 204 
493 261 71 204 
493 262 71 204 
493 261 71 203 
492 261 71 203 
493 261 71 204 
493 261 71 204 
493 261 71 204 
492 261 71 204 
492 262 71 204 
493 261 71 205 
492 261 71 205 
492 261 72 206 
494 261 71 205 
494 261 71 205 
492 261 71 205 
492 262 71 205 
492 262 71 205 
492 262 71 204 
493 262 71 204 
493 262 71 204 
494 261 71 205 
494 261 71 205 
494 261 71 205 
494 261 71 205 
495 261 71 204 
495 261 71 204 
494 262 71 203 
494 262 70 203 
495 262 70 202 
495 262 70 202 
495 262 70 200 
496 262 70 201 
495 261 70 201 
496 261 70 202 
512 255 70 201 
525 258 69 200 
502 259 70 201 
478 265 70 202 
490 265 70 202 
498 262 70 202 
497 262 70 203 
496 263 71 204 
495 263 71 204 
497 264 71 203 
497 264 71 204 
496 263 71 204 
497 264 71 204 
498 263 71 205 
497 262 71 206 
497 263 72 206 
497 263 72 206 
497 263 72 206 
496 262 72 206 
497 262 72 207 
497 263 72 207 
496 263 72 206 
496 262 72 207 
496 262 72 207 
496 263 72 208 
497 263 73 209 
497 263 73 209 
497 263 72 208 
497 264 72 209 
496 264 72 208 
496 264 72 208 
497 264 73 209 
496 264 73 209 
497 264 73 210 
496 264 73 211 
496 264 73 211 
495 265 73 211 
497 264 73 210 
495 263 73 210 
496 264 73 210 
497 264 73 211 
496 264 74 212 
496 263 74 212 
497 264 74 212 
496 263 74 212 
496 263 74 212 
496 263 74 212 
496 264 74 213 
497 262 74 213 
497 263 74 213 
498 263 74 213 
497 263 74 213 
497 263 74 213 
497 263 74 213 
497 262 74 213 
496 263 74 213 
498 263 74 214 
497 263 74 214 
497 264 74 213 
497 264 74 213 
495 263 73 211 
496 264 73 210 
496 264 73 210 
496 264 73 210 
496 264 73 210 
496 264 73 210 
496 264 73 210 
495 262 73 210 
495 263 73 209 
497 263 73 209 
496 264 72 207 
497 264 72 208 
497 264 72 208 
497 264 72 207 
497 264 72 207 
497 264 72 207 
496 263 72 207 
496 263 72 207 
495 264 72 207 
495 264 72 206 
496 264 72 206 
495 264 72 207 
496 264 72 207 
494 261 72 208 
498 261 72 207 
495 262 72 206 
495 262 72 207 
499 263 72 207 
495 262 72 208 
502 264 73 209 
512 266 73 209 
516 270 73 210 
517 273 73 210 
519 274 73 210 
524 273 73 210 
523 278 73 210 
518 276 73 210 
513 277 74 212 
505 273 73 211 
509 274 73 211 
511 275 74 212 
523 281 74 213 
528 282 74 213 
524 283 74 213 
519 275 74 212 
524 284 74 212 
522 280 73 211 
514 275 73 211 
519 281 73 211 
523 282 73 211 
517 282 74 212 
518 273 73 211 
523 283 74 212 
512 280 74 213 
540 287 74 213 
540 286 74 213 
537 287 74 213 
537 286 74 213 
536 288 75 214 
536 284 75 215 
536 285 75 215 
537 285 74 214 
537 285 74 214 
537 285 74 214 
537 285 75 215 
537 284 74 214 
537 286 74 214 
537 286 75 215 
536 285 75 215 
536 285 75 215 
534 284 75 216 
536 284 75 216 
536 285 75 215 
536 285 75 215 
536 285 75 215 
535 285 74 214 
535 285 74 214 
536 286 74 212 
533 285 74 213 
535 285 74 213 
536 285 74 213 
535 286 74 213 
535 285 74 214 
535 285 74 214 
534 287 74 213 
534 286 74 213 
536 285 74 214 
534 286 75 214 
535 287 75 215 
536 286 74 214 
536 286 74 214 
535 286 74 213 
531 286 74 214 
533 286 75 215 
533 286 75 215 
534 286 75 215 
534 286 75 215 
533 287 75 216 
533 287 75 216 
533 287 75 216 
533 287 75 216 
533 287 75 217 
533 287 75 217 
534 288 75 217 
533 288 75 217 
533 287 75 216 
533 287 75 216 
533 287 75 216 
533 286 75 215 
533 288 74 214 
533 288 74 214 
533 288 74 214 
532 287 74 214 
532 287 74 214 
532 287 74 214 
532 287 74 214 
532 287 74 214 
533 288 74 214 
533 288 74 214 
533 288 74 214 
533 288 74 214 
533 288 74 214 
533 287 75 215 
533 288 74 214 
534 288 75 215 
533 288 75 215 
533 288 75 215 
532 287 75 215 
532 288 75 215 
532 288 75 215 
531 288 75 216 
530 288 75 215 
532 288 75 215 
532 288 75 215 
530 288 74 214 
533 288 75 215 
531 288 75 215 
531 288 75 215 
531 288 75 215 
530 288 75 215 
529 288 75 215 
529 288 75 215 
530 287 75 215 
529 288 75 216 
530 288 75 217 
527 287 75 217 
528 287 76 219 
528 289 77 220 
527 288 77 221 
527 288 77 221 
528 290 77 221 
527 288 77 221 
527 288 77 221 
527 288 77 221 
528 289 77 222 
528 289 77 222 
527 288 77 221 
527 289 77 222 
527 289 77 221 
528 289 77 220 
530 289 77 221 
530 289 77 221 
527 290 76 220 
527 290 76 220 
527 289 76 220 
527 289 76 220 
527 290 76 220 
527 289 77 221 
527 289 77 221 
528 290 77 220 
527 290 76 220 
528 291 77 222 
528 290 77 222 
528 290 77 222 
526 289 77 223 
526 290 77 222 
527 290 78 224 
528 290 78 223 
527 291 78 223 
525 289 78 224 
525 289 78 224 
525 289 78 224 
526 289 77 223 
526 289 77 223 
526 289 77 223 
526 289 77 223 
526 289 77 223 
526 290 77 223 
526 290 77 223 
526 290 77 223 
525 289 77 222 
524 289 78 223 
524 289 78 223 
525 289 77 222 
525 290 77 222 
525 290 77 222 
525 290 77 223 
525 291 78 223 
525 291 78 223 
525 291 77 223 
526 290 78 224 
527 289 77 223 
526 290 77 221 
524 290 77 223 
524 290 78 223 
524 290 78 223 
524 290 78 223 
524 290 78 223 
524 290 77 223 
524 290 78 223 
525 291 77 223 
525 291 77 223 
523 290 78 224 
522 290 78 225 
525 290 78 224 
524 289 78 224 
523 290 78 224 
523 290 78 224 
523 290 78 224 
523 290 77 223 
523 290 77 223 
523 290 77 223 
523 290 77 223 
523 291 78 224 
523 291 78 224 
523 291 78 224 
523 291 78 224 
523 291 78 224 
523 291 78 224 
522 291 78 223 
522 290 77 222 
522 290 77 222 
523 291 77 222 
523 293 78 224 
522 294 78 224 
523 298 78 224 
521 298 78 224 
516 301 78 224 
509 305 78 224 
507 308 77 223 
498 310 78 223 
491 313 78 224 
477 313 78 224 
455 312 78 224 
432 296 78 225 
419 307 79 226 
387 297 79 226 
357 291 79 226 
333 281 79 227 
319 269 79 226 
306 255 79 226 
300 246 79 226 
297 239 78 225 
297 234 78 224 
297 238 78 225 
296 241 78 224 
296 246 78 224 
292 247 78 224 
293 243 78 224 
294 240 77 222 
292 238 77 222 
289 237 77 222 
287 236 77 222 
288 239 77 222 
287 237 77 223 
287 237 77 223 
287 237 77 222 
287 236 78 223 
287 237 78 223 
287 237 78 224 
289 234 78 225 
286 237 78 224 
287 237 78 224 
287 237 78 224 
288 236 78 224 
286 236 78 225 
287 236 79 226 
287 236 79 226 
287 236 79 226 
286 235 79 227 
287 235 78 226 
287 234 79 226 
288 236 79 226 
286 236 78 226 
286 236 78 226 
286 236 78 226 
286 236 78 226 
286 236 78 225 
286 236 78 225 
286 236 78 225 
286 236 78 225 
287 236 78 224 
287 236 77 222 
286 237 78 224 
285 237 78 224 
286 236 78 223 
285 236 77 223 
287 237 77 222 
287 236 77 223 
285 236 78 223 
287 236 78 224 
287 236 78 224 
286 236 78 225 
286 236 78 225 
286 237 78 224 
286 237 78 224 
287 236 78 223 
286 236 78 224 
286 236 78 224 
285 236 78 224 
286 237 77 223 
286 237 77 223 
286 237 77 223 
285 237 77 223 
286 237 77 223 
286 238 77 223 
285 236 78 223 
285 238 78 223 
285 238 78 223 
285 238 78 223 
285 238 77 222 
285 238 77 221 
285 237 77 222 
285 237 77 222 
285 238 77 223 
285 238 77 223 
285 237 77 223 
285 238 78 224 
287 238 78 223 
284 238 78 223 
284 238 77 222 
284 237 77 222 
285 238 77 220 
285 238 77 220 
277 237 77 220 
269 234 76 220 
290 241 76 220 
289 239 77 220 
280 240 77 221 
283 238 77 220 
283 238 76 219 
284 237 76 219 
285 238 76 219 
285 238 76 219 
284 237 76 219 
284 237 76 219 
284 237 76 219 
283 238 76 219 
282 237 76 218 
283 237 76 217 
284 238 76 218 
285 237 76 218 
283 238 76 218 
285 237 75 217 
285 237 75 217 
283 237 76 217 
284 237 76 217 
284 238 76 218 
284 239 76 219 
284 238 77 221 
283 239 77 221 
283 239 77 221 
283 239 77 221 
282 238 77 221 
282 238 77 221 
284 238 77 222 
284 238 77 222 
284 238 77 222 
285 238 77 221 
284 237 77 220 
284 237 77 220 
284 237 77 220 
284 237 77 220 
284 237 77 220 
282 237 77 221 
283 237 77 221 
283 236 76 220 
283 236 76 220 
283 236 76 220 
283 237 77 221 
283 237 76 220 
284 238 76 220 
283 236 76 220 
283 236 76 220 
284 237 76 220 
284 238 76 220 
284 237 76 219 
283 238 76 218 
285 238 76 217 
310 238 75 217 
282 241 75 216 
286 239 75 215 
286 239 75 215 
285 238 75 215 
285 238 75 215 
286 238 75 217 
285 238 75 215 
285 238 75 215 
286 238 74 214 
286 238 74 214 
286 238 74 214 
286 238 74 214 
286 238 74 214 
286 238 74 214 
286 238 74 214 
286 238 74 214 
287 238 74 214 
287 238 74 214 
285 237 75 214 
286 238 75 215 
287 238 75 214 
286 237 74 213 
286 238 74 212 
286 238 74 212 
286 238 74 212 
285 238 74 213 
285 238 74 213 
285 238 74 213 
286 238 74 213 
286 238 74 211 
286 238 74 211 
285 239 73 211 
285 238 73 211 
285 237 73 211 
284 238 73 210 
284 237 73 211 
285 238 74 212 
286 236 74 212 
286 236 74 212 
286 236 74 212 
286 236 74 212 
286 238 74 212 
285 237 74 212 
285 237 74 212 
287 237 74 212 
287 237 73 211 
286 238 73 210 
285 238 73 210 
278 233 73 211 
291 214 73 211 
288 232 73 210 
283 237 73 209 
286 237 73 209 
286 238 73 210 
286 238 73 210 
287 237 73 209 
285 237 73 210 
287 239 73 210 
287 238 73 211 
286 239 73 211 
286 239 73 210 
286 240 73 211 
287 238 73 211 
286 238 73 211 
286 239 73 210 
286 239 73 211 
286 239 74 211 
286 239 74 211 
287 239 73 211 
286 238 74 212 
286 238 74 212 
286 238 74 212 
286 239 74 212 
286 239 73 211 
286 239 73 211 
286 238 73 211 
286 238 73 211 
286 238 73 211 
287 236 73 211 
287 236 73 211 
287 236 73 211 
287 237 73 211 
301 270 73 210 
287 241 73 210 
287 236 73 209 
287 237 73 209 
288 237 73 209 
288 237 73 209 
287 238 72 208 
287 237 72 208 
287 237 72 208 
287 237 72 208 
287 237 72 207 
287 237 72 207 
287 237 72 207 
286 236 72 207 
286 236 72 207 
287 237 72 207 
287 237 72 207 
286 236 72 208 
286 235 72 208 
286 236 72 208 
286 236 72 208 
288 236 72 207 
288 237 72 207 
288 237 72 207 
286 236 72 206 
287 236 72 207 
287 236 72 207 
287 236 72 207 
287 236 72 207 
287 236 72 207 
285 237 72 207 
287 236 72 206 
283 237 72 206 
272 238 72 206 
267 238 71 206 
280 217 71 205 
287 236 71 205 
288 237 72 206 
286 237 71 205 
286 236 71 204 
286 236 71 204 
287 235 71 204 
287 235 71 206 
286 237 71 206 
287 235 72 207 
286 235 71 205 
287 235 71 205 
287 235 71 205 
287 235 71 205 
285 235 72 206 
287 236 71 205 
287 236 71 204 
287 236 71 204 
287 235 72 206 
288 235 72 206 
288 235 72 206 
287 235 72 206 
287 235 72 206 
287 235 72 206 
286 235 72 207 
287 236 72 208 
287 236 72 208 
286 235 72 207 
288 234 72 206 
290 234 72 206 
291 234 72 207 
293 235 72 206 
294 233 71 205 
295 231 72 206 
297 228 72 207 
299 225 72 207 
305 217 72 207 
314 212 72 207 
312 213 72 207 
315 212 72 206 
317 212 72 206 
320 212 72 207 
323 214 72 206 
324 213 72 207 
321 217 72 207 
310 224 72 208 
311 220 72 208 
311 220 72 208 
315 218 72 207 
313 220 72 207 
317 220 72 207 
317 221 72 206 
304 224 71 206 
312 227 71 205 
307 225 72 207 
311 218 72 208 
291 228 73 209 
299 222 73 209 
295 221 73 210 
287 221 74 212 
290 227 74 213 
287 221 73 211 
291 227 73 211 
289 215 74 212 
310 223 73 211 
300 226 73 210 
298 228 73 210 
303 227 73 210 
295 221 73 209 
297 218 72 208 
297 216 72 208 
298 212 72 208 
298 207 72 207 
302 207 72 208 
304 205 73 209 
304 204 72 209 
302 202 72 208 
303 200 72 208 
301 199 72 208 
301 198 73 211 
305 196 73 210 
299 194 73 211 
300 197 73 211 
302 191 73 211 
308 197 73 210 
305 198 73 211 
305 198 74 212 
309 204 74 213 
308 205 74 213 
307 206 74 214 
309 205 74 214 
309 200 74 214 
310 203 74 213 
309 204 74 214 
305 204 74 214 
308 205 75 215 
312 206 75 215 
305 204 75 215 
304 212 75 214 
308 208 75 215 
304 210 75 215 
307 212 74 214 
301 226 74 214 
307 220 74 213 
308 218 74 213 
310 219 75 214 
307 222 74 214 
305 216 74 214 
306 214 75 215 
304 213 75 215 
299 211 75 215 
299 210 75 216 
301 213 75 217 
300 213 75 217 
300 218 75 217 
302 220 75 217 
301 223 75 216 
302 227 75 217 
306 229 75 216 
307 230 75 217 
310 232 76 218 
311 234 76 218 
313 235 76 218 
318 236 76 219 
315 236 76 217 
316 235 76 217 
321 236 76 218 
318 236 76 218 
315 236 76 217 
317 237 75 217 
315 236 75 217 
319 236 75 216 
315 235 75 217 
314 237 75 217 
315 236 75 217 
313 236 75 217 
315 237 75 216 
317 237 76 217 
316 236 75 217 
317 236 75 217 
315 236 75 217 
316 236 76 218 
315 237 76 217 
316 236 76 218 
316 236 76 218 
316 236 76 218 
316 236 76 218 
316 239 75 217 
338 231 75 217 
310 238 75 217 
304 224 76 218 
312 238 76 219 
316 239 76 220 
318 236 76 219 
313 237 76 219 
318 236 76 218 
319 236 76 218 
318 239 76 218 
314 238 75 217 
318 237 76 218 
313 239 76 218 
308 238 75 217 
323 249 75 217 
301 240 76 218 
321 237 75 217 
320 236 75 217 
318 237 75 217 
321 237 76 218 
321 237 76 219 
320 237 76 218 
313 237 76 218 
313 237 76 218 
312 237 76 219 
321 236 76 218 
313 236 76 218 
313 237 76 218 
313 237 76 218 
313 237 75 217 
313 237 75 217 
313 237 75 217 
316 237 75 217 
315 236 76 219 
312 237 76 218 
314 237 76 217 
315 237 76 217 
317 237 75 216 
317 237 75 216 
317 237 75 216 
315 237 75 216 
315 237 75 216 
317 238 74 214 
321 238 75 215 
323 238 75 214 
330 240 75 215 
335 239 75 215 
338 242 75 217 
337 243 76 218 
344 243 75 217 
346 243 76 217 
321 261 75 217 
324 265 75 217 
315 252 75 216 
301 252 75 215 
303 259 75 216 
276 268 75 215 
266 268 75 216 
252 269 75 217 
233 263 75 215 
230 253 75 216 
219 243 75 216 
210 237 75 216 
208 235 75 217 
201 228 75 216 
203 225 74 214 
196 224 75 215 
197 222 75 215 
197 222 75 215 
190 222 74 214 
190 223 74 211 
189 232 73 211 
189 232 73 211 
187 235 73 211 
189 235 73 210 
193 234 73 209 
193 234 73 209 
192 232 73 209 
191 233 73 209 
191 234 72 208 
190 234 73 209 
191 231 72 208 
190 234 72 208 
190 233 72 209 
190 234 72 208 
189 234 72 208 
189 234 72 207 
189 234 72 207 
189 234 72 207 
189 234 72 207 
189 235 72 207 
190 234 72 208 
189 234 72 208 
188 234 72 206 
188 233 72 206 
188 233 72 206 
188 233 72 206 
189 234 72 206 
189 234 71 204 
189 234 71 205 
189 234 71 205 
189 233 71 204 
189 233 71 204 
191 234 71 204 
196 252 71 205 
187 253 71 205 
182 235 72 206 
190 232 71 205 
191 235 71 204 
191 235 71 204 
191 235 71 204 
191 235 71 204 
191 235 71 204 
190 235 71 204 
190 235 71 204 
190 235 71 204 
192 234 71 204 
190 234 71 205 
191 235 71 205 
190 235 71 205 
192 234 71 205 
191 235 71 205 
190 236 71 204 
191 235 71 204 
190 235 71 204 
190 235 71 204 
192 235 71 204 
190 235 71 205 
190 235 71 205 
190 235 71 204 
188 235 71 205 
185 235 71 205 
185 235 71 205 
187 234 71 205 
187 235 71 205 
186 235 71 204 
186 235 71 204 
186 234 71 205 
186 234 71 205 
186 235 71 205 
185 234 71 205 
186 235 71 205 
186 235 71 205 
185 235 71 205 
185 235 71 205 
187 235 71 205 
186 234 71 205 
186 234 71 205 
186 235 71 205 
186 234 71 203 
184 235 71 204 
184 235 71 204 
184 235 71 204 
186 234 71 203 
186 234 71 203 
186 235 71 203 
186 235 71 203 
185 235 71 204 
184 235 71 203 
186 235 71 203 
185 235 71 203 
185 235 70 203 
184 235 70 202 
184 235 70 202 
185 236 70 202 
184 236 71 203 
184 238 70 203 
185 239 70 202 
186 237 70 202 
184 238 71 204 
185 237 71 204 
186 238 70 203 
185 239 70 203 
186 241 71 203 
186 239 70 202 
185 237 70 202 
185 236 70 202 
186 238 70 202 
186 238 70 202 
186 239 70 203 
185 239 70 202 
186 240 70 202 
186 240 70 202 
187 239 70 201 
186 240 70 200 
188 240 70 201 
185 239 70 202 
185 239 70 202 
185 239 70 202 
185 239 70 202 
186 239 70 202 
185 239 71 204 
185 239 71 203 
185 239 71 203 
185 239 71 203 
186 239 71 203 
184 239 70 202 
184 239 70 202 
184 239 70 202 
184 239 70 202 
184 239 70 202 
184 239 70 202 
183 238 70 202 
184 239 70 201 
185 238 70 201 
185 240 69 200 
185 239 70 201 
185 239 70 201 
183 239 70 200 
185 239 70 201 
185 239 70 201 
185 239 70 201 
186 239 70 202 
184 239 70 201 
186 238 70 201 
185 240 70 201 
186 238 70 201 
185 239 69 200 
185 238 69 199 
186 240 69 199 
185 239 69 198 
186 238 69 198 
186 239 69 198 
186 239 69 198 
186 239 69 198 
186 239 68 197 
185 237 69 198 
186 238 68 196 
186 238 68 196 
186 239 68 196 
187 239 68 196 
185 237 68 196 
186 237 68 196 
186 237 68 196 
187 238 68 197 
187 238 68 197 
186 237 69 198 
187 239 69 197 
187 240 69 197 
