63 78 25 62 
58 71 25 61 
48 68 25 61 
46 72 25 62 
53 67 25 62 
44 70 25 63 
47 70 25 63 
49 73 26 63 
55 71 26 63 
55 64 25 63 
57 62 25 63 
58 63 26 64 
75 67 26 64 
77 62 26 64 
77 62 26 64 
98 59 26 64 
112 64 26 65 
102 57 26 65 
95 56 26 65 
102 54 26 66 
98 55 26 64 
94 57 26 64 
96 64 27 66 
102 70 27 66 
89 73 27 66 
88 71 27 66 
95 60 27 67 
90 53 27 66 
84 45 27 66 
76 44 27 66 
80 48 27 66 
87 54 26 66 
97 56 27 66 
103 56 27 66 
119 53 27 67 
130 57 27 67 
125 53 26 65 
124 52 27 66 
143 56 27 66 
153 58 26 65 
161 63 26 65 
165 63 26 66 
165 64 27 66 
162 59 26 66 
167 57 26 65 
166 61 26 65 
138 59 26 65 
118 64 26 65 
116 61 26 65 
116 65 26 65 
120 55 26 65 
120 44 26 64 
123 41 25 63 
131 47 25 62 
135 51 25 62 
134 59 25 61 
124 62 24 60 
125 64 25 61 
115 59 25 62 
116 54 25 61 
138 52 24 61 
150 56 24 59 
143 53 24 60 
144 64 24 60 
142 68 24 59 
143 71 24 60 
146 74 24 60 
157 88 24 60 
153 92 24 60 
135 84 24 60 
140 77 25 61 
135 78 25 61 
123 85 24 61 
114 77 24 60 
110 81 24 60 
122 88 24 59 
131 106 24 60 
138 104 24 59 
149 102 24 59 
163 114 23 58 
148 101 23 56 
158 91 23 57 
171 89 23 57 
180 82 23 56 
186 82 23 57 
196 89 23 56 
193 95 23 57 
189 97 23 57 
188 100 23 57 
191 88 23 57 
209 69 23 58 
188 53 23 57 
189 47 23 57 
183 52 23 57 
181 49 22 55 
149 60 22 55 
149 68 22 55 
165 71 22 55 
163 69 22 55 
160 82 22 56 
153 67 22 55 
161 75 22 55 
158 68 22 55 
154 62 22 55 
183 61 22 55 
197 67 22 54 
197 65 21 53 
204 71 21 53 
212 73 21 53 
192 68 21 53 
193 67 21 52 
191 69 21 52 
187 71 21 51 
160 67 21 52 
159 66 21 51 
144 80 20 51 
142 75 20 50 
142 76 20 50 
137 87 20 49 
146 88 20 49 
165 90 20 49 
174 98 20 49 
168 72 19 48 
160 67 20 48 
160 54 19 47 
164 47 19 47 
194 50 19 48 
199 52 19 47 
199 61 19 47 
198 66 18 46 
195 59 18 45 
187 62 18 45 
191 84 18 45 
181 80 18 44 
164 80 18 45 
157 74 18 45 
170 68 18 44 
159 50 18 45 
167 46 18 45 
158 53 18 45 
