350 60 38 42 
346 68 38 42 
368 67 39 43 
369 61 39 43 
371 53 38 42 
371 54 38 42 
370 61 38 42 
391 57 38 42 
390 73 38 42 
385 71 38 42 
380 80 38 42 
387 95 38 42 
396 90 38 42 
382 88 38 41 
369 85 37 41 
357 66 38 42 
371 68 38 42 
366 63 38 42 
363 56 38 42 
357 49 38 42 
338 47 38 43 
331 70 38 43 
336 57 38 43 
352 63 39 43 
369 47 38 43 
359 62 38 42 
372 69 39 43 
370 82 38 42 
383 63 38 42 
380 59 38 42 
384 63 37 41 
394 56 37 41 
418 54 37 41 
395 71 38 42 
369 53 37 41 
395 50 38 42 
395 50 38 42 
365 44 38 42 
365 54 38 42 
353 84 38 42 
321 100 38 42 
318 123 38 42 
313 156 38 42 
337 157 38 42 
359 185 38 42 
390 176 38 42 
407 157 38 42 
379 154 38 42 
374 141 38 42 
333 151 38 41 
354 131 38 42 
362 160 37 41 
333 140 38 42 
368 140 38 42 
351 157 39 43 
334 165 39 43 
316 152 39 43 
322 144 39 43 
324 140 38 42 
346 141 39 43 
357 134 38 42 
319 135 38 42 
326 124 38 42 
310 101 38 42 
296 89 38 42 
286 104 38 42 
299 80 39 43 
309 107 39 43 
312 110 39 43 
326 93 39 43 
314 117 39 43 
328 132 38 42 
308 160 38 42 
322 132 38 43 
294 111 38 43 
319 133 38 43 
344 138 38 42 
325 162 38 42 
297 148 38 42 
254 148 38 42 
293 143 38 42 
276 147 37 41 
256 114 38 42 
260 86 38 42 
244 74 38 42 
256 83 38 42 
275 115 37 41 
237 117 37 41 
266 134 37 41 
246 119 37 40 
234 115 37 40 
219 119 36 40 
231 118 37 40 
254 154 37 41 
268 168 37 41 
275 178 36 40 
283 165 36 40 
245 188 37 41 
259 154 36 40 
249 134 36 40 
