335 175 67 81 
332 177 67 81 
328 182 67 81 
326 185 67 82 
328 186 67 81 
331 187 67 81 
337 188 67 81 
341 189 67 81 
341 189 67 81 
339 191 67 81 
340 191 67 81 
342 188 67 81 
350 184 67 81 
357 179 67 81 
365 176 68 82 
369 174 67 81 
368 172 68 82 
368 172 68 82 
370 171 68 82 
370 166 68 82 
377 161 68 82 
384 157 68 82 
389 154 68 82 
394 154 68 82 
402 160 68 82 
412 169 68 82 
417 172 68 82 
411 163 68 82 
399 149 68 83 
387 135 68 82 
381 129 68 82 
375 126 68 82 
374 125 68 82 
375 125 68 82 
379 135 68 82 
390 149 68 82 
400 161 68 82 
418 175 68 82 
416 171 68 82 
403 155 67 82 
394 144 68 82 
398 132 68 82 
393 128 67 81 
395 126 67 81 
398 128 67 81 
399 135 67 81 
405 143 67 81 
414 166 67 81 
422 183 67 81 
423 193 67 81 
414 167 67 81 
407 156 67 81 
403 144 67 81 
407 155 67 81 
409 157 67 81 
407 170 67 81 
403 169 67 81 
385 179 67 81 
391 194 67 81 
401 162 66 80 
383 193 67 80 
378 200 67 81 
365 177 67 81 
335 187 67 81 
361 187 67 81 
350 168 67 81 
345 162 67 80 
349 172 67 81 
346 178 67 81 
349 196 67 81 
372 214 67 80 
368 219 66 80 
351 221 66 80 
327 231 66 80 
322 214 66 80 
306 203 66 80 
296 200 65 79 
300 173 65 79 
323 170 65 79 
320 167 65 79 
321 180 65 78 
318 188 64 78 
316 215 64 77 
322 225 64 77 
314 225 64 77 
290 236 64 77 
286 230 64 77 
280 228 64 77 
290 216 63 77 
301 190 63 76 
330 191 63 76 
314 208 63 77 
297 200 63 76 
300 212 63 76 
307 250 63 76 
302 246 62 75 
308 247 63 76 
310 252 62 75 
313 234 62 75 
313 247 62 74 
323 248 61 74 
320 240 62 75 
323 199 62 75 
335 195 62 75 
366 207 62 75 
372 201 62 75 
375 209 62 75 
346 210 62 75 
345 187 61 74 
347 200 61 74 
353 188 62 74 
335 208 62 75 
324 202 62 75 
338 183 62 75 
355 213 62 75 
345 209 62 75 
344 203 62 75 
328 202 62 75 
348 214 63 76 
337 197 62 76 
329 171 63 76 
343 177 62 75 
336 190 62 75 
358 187 62 75 
350 213 62 75 
344 195 62 74 
354 198 61 74 
342 203 62 74 
358 197 62 75 
361 165 61 74 
344 196 61 74 
357 166 61 73 
346 168 61 73 
347 172 61 73 
351 163 61 73 
359 157 61 73 
354 143 61 73 
358 167 61 73 
343 172 61 73 
367 153 61 74 
382 128 61 74 
378 134 61 73 
374 120 61 74 
377 120 61 74 
368 117 61 74 
360 109 61 74 
364 93 61 74 
365 80 61 74 
345 100 61 74 
356 96 61 73 
350 99 61 73 
330 79 61 73 
330 98 60 73 
324 78 60 73 
332 109 60 73 
327 145 60 72 
337 143 60 72 
310 149 60 72 
315 144 60 73 
299 155 60 73 
306 167 60 73 
316 189 60 73 
274 157 60 72 
270 191 60 73 
250 194 60 73 
239 234 60 73 
229 236 60 73 
229 220 61 73 
199 206 60 73 
190 197 60 73 
192 180 60 73 
199 197 60 73 
208 179 60 73 
231 185 60 73 
227 163 61 73 
221 156 61 74 
196 187 61 74 
181 195 61 74 
212 203 61 74 
242 205 61 74 
256 196 61 73 
247 216 61 74 
231 250 61 74 
258 248 61 74 
280 235 61 74 
264 226 61 74 
247 205 61 74 
215 202 61 74 
218 179 61 74 
220 175 61 74 
235 168 61 74 
240 174 61 73 
258 147 61 73 
226 167 61 73 
203 151 61 73 
203 192 61 74 
208 177 61 74 
215 179 61 74 
218 182 61 74 
221 153 61 74 
243 120 60 73 
257 94 61 73 
256 88 61 73 
255 84 61 74 
246 62 61 74 
267 41 61 74 
269 37 61 74 
274 37 61 74 
227 47 61 74 
223 39 61 73 
226 42 61 74 
214 44 61 73 
228 82 60 73 
239 89 60 72 
240 101 60 73 
262 129 60 73 
264 151 60 73 
260 161 60 72 
239 150 59 72 
227 167 59 71 
229 174 59 72 
226 184 59 72 
216 196 59 72 
220 201 59 72 
240 218 60 72 
241 236 60 72 
239 247 60 73 
238 245 60 72 
241 231 60 72 
231 216 60 72 
254 213 59 72 
251 214 59 71 
279 214 59 71 
277 210 59 71 
281 208 59 71 
272 222 59 71 
275 223 58 71 
291 218 59 71 
290 197 58 71 
289 210 58 71 
292 216 58 71 
296 233 58 71 
306 221 58 70 
298 213 58 70 
323 185 58 70 
323 175 58 70 
322 159 58 71 
322 160 59 71 
321 156 59 71 
322 161 59 71 
322 165 59 71 
324 168 59 71 
351 166 58 70 
350 159 58 70 
348 150 58 70 
349 141 59 71 
348 136 58 71 
348 134 58 70 
339 133 58 70 
356 138 58 70 
345 153 58 70 
342 157 58 70 
340 154 57 69 
340 144 58 70 
336 133 58 70 
346 127 57 69 
334 130 58 70 
332 134 57 69 
332 139 57 69 
336 140 57 69 
339 145 57 69 
342 137 57 68 
338 164 56 68 
338 164 56 68 
341 162 56 68 
343 159 56 68 
346 153 56 67 
344 163 56 68 
348 168 56 68 
349 166 56 67 
348 168 56 67 
348 164 56 68 
349 164 56 68 
340 146 56 68 
343 148 56 68 
343 144 56 68 
351 145 56 68 
351 147 56 68 
347 158 56 68 
348 161 56 68 
344 161 56 67 
342 154 56 68 
338 148 56 68 
349 140 56 67 
349 133 56 67 
354 135 55 67 
353 140 55 67 
354 154 56 67 
370 162 56 68 
359 155 56 68 
359 156 56 68 
343 162 56 67 
348 146 56 67 
381 163 55 67 
361 142 55 66 
349 129 55 67 
361 147 55 66 
359 152 55 67 
372 168 55 66 
359 162 55 66 
327 167 54 66 
330 163 54 66 
356 144 54 66 
357 136 54 66 
356 137 54 65 
357 139 54 65 
361 146 54 65 
362 148 54 65 
366 146 54 65 
368 131 54 65 
362 125 54 65 
359 123 54 65 
358 106 54 65 
359 107 54 65 
359 116 53 64 
356 121 53 64 
353 123 53 65 
351 131 53 64 
352 137 53 64 
351 132 53 64 
349 124 53 64 
349 119 54 65 
347 118 54 65 
348 118 53 65 
348 124 53 64 
349 131 53 64 
350 138 53 64 
349 145 53 64 
352 144 53 64 
351 139 52 63 
351 130 52 63 
349 123 52 63 
350 122 52 63 
354 123 52 63 
356 126 52 62 
358 135 52 62 
358 139 52 62 
364 136 51 62 
367 140 51 62 
368 141 51 62 
366 139 51 61 
358 139 51 61 
353 139 51 62 
348 136 51 62 
348 135 51 61 
344 137 50 61 
344 143 50 61 
341 140 50 61 
345 141 50 60 
341 141 50 60 
340 135 50 60 
340 140 50 60 
376 144 50 60 
393 125 50 60 
422 110 50 60 
423 83 50 60 
424 50 50 60 
428 80 50 60 
417 81 50 60 
406 67 50 60 
415 66 50 60 
390 74 50 60 
388 69 50 60 
411 48 50 60 
449 33 50 61 
436 30 50 60 
431 41 50 60 
428 48 50 60 
425 66 50 60 
398 50 50 61 
403 68 50 61 
379 76 50 60 
402 65 50 60 
383 81 50 60 
383 89 49 60 
376 104 50 60 
392 85 50 60 
398 84 50 60 
377 106 50 60 
384 111 50 60 
385 116 50 60 
381 109 50 61 
