230 113 49 57 
224 115 49 57 
224 119 49 57 
230 120 50 58 
230 117 50 58 
254 119 50 58 
252 105 50 58 
247 107 50 58 
246 106 50 59 
245 106 50 58 
247 109 50 58 
250 113 50 59 
254 113 50 58 
256 117 50 58 
255 123 50 58 
253 122 50 58 
245 121 50 58 
251 109 50 58 
260 145 50 59 
250 142 50 58 
286 114 50 58 
271 103 50 59 
265 146 50 59 
272 127 51 59 
272 145 51 59 
252 144 51 59 
232 120 51 59 
241 95 51 59 
284 102 51 59 
313 68 51 59 
293 63 51 59 
245 84 51 59 
200 70 51 59 
187 61 50 58 
156 80 50 59 
161 113 50 59 
178 125 50 59 
202 125 51 59 
205 96 51 59 
211 108 51 59 
176 152 51 60 
192 135 51 59 
189 134 51 60 
198 149 51 60 
203 143 51 59 
204 159 51 59 
213 181 51 59 
247 156 50 58 
223 142 51 59 
192 135 51 59 
185 141 51 59 
183 143 50 58 
187 135 50 58 
185 133 50 58 
184 131 50 58 
179 134 50 58 
172 140 49 57 
165 131 49 57 
162 127 49 57 
181 102 48 56 
183 100 49 57 
180 106 49 57 
145 110 49 57 
148 117 49 57 
156 102 50 58 
174 99 50 58 
153 113 50 58 
176 96 50 58 
163 72 49 57 
175 50 49 57 
213 40 49 57 
234 50 50 58 
226 68 50 58 
222 63 50 58 
202 63 50 58 
164 59 51 59 
190 65 50 59 
198 67 50 59 
189 98 50 59 
148 117 50 58 
184 139 50 58 
180 125 50 58 
168 115 49 57 
188 108 49 57 
186 122 49 57 
178 126 49 57 
215 129 49 57 
228 155 48 56 
231 154 48 56 
236 148 48 56 
272 171 48 55 
304 155 48 56 
340 132 48 56 
337 127 48 56 
338 121 48 56 
372 141 48 56 
395 115 48 56 
370 125 49 57 
368 113 49 57 
340 85 49 57 
294 86 49 57 
266 49 49 57 
253 28 48 56 
243 63 48 56 
237 103 48 56 
230 102 48 56 
227 85 49 57 
228 64 49 57 
237 55 49 57 
227 55 49 56 
227 66 49 56 
229 104 48 56 
222 95 49 57 
231 119 49 57 
240 145 49 57 
258 133 49 57 
269 123 49 57 
266 133 49 57 
274 97 49 57 
264 94 49 57 
253 105 49 57 
256 86 49 57 
252 98 50 58 
260 85 50 58 
269 123 49 58 
251 125 50 58 
256 128 50 58 
277 130 50 58 
270 117 49 57 
270 111 49 57 
278 85 50 58 
254 89 50 58 
251 121 50 58 
266 157 50 58 
275 156 50 58 
244 155 50 58 
268 134 50 58 
265 169 50 58 
291 169 50 58 
315 188 50 59 
298 165 51 59 
268 190 51 59 
263 203 51 59 
283 227 51 59 
292 195 51 59 
307 162 51 59 
276 163 51 59 
237 167 51 59 
241 180 50 58 
223 222 50 59 
210 240 51 59 
199 247 51 59 
207 212 50 59 
206 209 51 59 
204 209 51 59 
235 190 50 59 
204 197 50 59 
205 189 50 59 
188 213 51 59 
200 201 51 59 
237 190 51 59 
218 158 51 59 
253 134 51 59 
238 147 51 59 
228 128 51 59 
273 143 51 60 
