704 478 24 79 
702 477 24 79 
697 476 24 79 
697 476 24 79 
693 475 24 79 
690 475 24 78 
688 474 23 77 
684 473 23 76 
680 474 23 77 
677 472 23 77 
674 472 23 77 
672 470 23 77 
669 467 23 75 
669 467 23 76 
667 467 23 76 
664 467 23 77 
661 466 23 76 
658 466 23 76 
655 467 23 77 
653 468 23 76 
650 467 23 77 
644 466 24 78 
643 465 24 78 
639 464 24 78 
636 462 24 78 
634 461 24 80 
632 459 24 79 
630 459 24 79 
626 460 24 80 
624 459 24 79 
623 460 24 79 
620 460 24 78 
616 459 23 77 
615 457 23 77 
611 458 23 77 
609 456 23 76 
607 455 23 76 
605 453 23 76 
602 453 23 75 
600 452 23 76 
597 451 23 74 
594 449 23 74 
593 450 23 75 
589 450 22 74 
588 449 23 74 
584 450 23 75 
581 449 23 76 
579 449 23 75 
575 448 23 74 
574 448 22 73 
571 447 22 74 
569 445 22 73 
566 444 22 74 
563 443 22 72 
562 444 22 73 
559 445 22 73 
557 444 23 74 
555 444 22 74 
552 442 22 73 
550 441 22 73 
548 441 22 74 
546 440 22 73 
543 441 22 72 
540 439 22 72 
538 439 22 72 
535 437 22 72 
535 437 22 72 
533 435 22 73 
531 436 22 71 
528 437 21 70 
527 436 21 69 
522 435 21 69 
520 436 21 69 
516 434 21 68 
515 434 21 68 
512 431 21 68 
509 430 21 68 
509 429 20 67 
506 428 20 67 
505 429 21 68 
502 429 21 68 
500 429 20 67 
498 428 20 67 
496 428 21 68 
495 427 21 68 
494 428 21 68 
494 427 20 67 
487 426 21 69 
483 429 21 70 
483 426 21 71 
482 423 21 71 
479 422 22 71 
478 422 21 70 
477 421 21 70 
477 421 21 70 
474 421 21 70 
472 421 21 70 
469 421 21 69 
467 422 21 70 
465 420 21 69 
463 420 21 70 
460 419 21 70 
459 419 21 69 
459 415 21 69 
455 415 21 68 
453 415 21 68 
451 416 20 67 
449 416 20 65 
447 415 20 65 
446 416 20 64 
444 414 20 65 
442 414 19 64 
439 414 20 64 
438 413 19 63 
436 413 19 63 
434 413 19 64 
434 412 19 64 
432 411 19 63 
431 411 19 64 
431 409 19 63 
427 411 19 63 
426 410 19 62 
423 410 19 61 
422 410 19 63 
419 411 19 63 
419 411 19 62 
414 409 18 61 
413 408 19 61 
411 408 19 63 
408 407 19 63 
406 407 19 64 
406 407 19 63 
404 406 19 63 
403 407 19 64 
402 406 19 63 
398 407 19 63 
398 406 19 63 
397 406 18 60 
392 405 18 60 
392 405 18 60 
389 403 18 59 
387 403 18 58 
387 403 18 58 
385 402 17 57 
382 401 17 57 
382 400 18 59 
381 400 18 59 
379 400 18 59 
377 400 18 59 
376 402 18 60 
372 401 18 61 
369 402 18 60 
370 401 18 61 
366 399 18 61 
364 398 18 59 
363 399 18 59 
361 397 18 59 
361 397 18 58 
359 396 17 57 
358 397 17 57 
355 396 17 56 
355 396 17 56 
353 397 17 57 
351 397 17 56 
349 395 17 55 
346 395 16 54 
346 394 17 55 
344 393 17 55 
343 392 17 55 
342 394 17 56 
339 391 17 56 
340 390 17 56 
337 390 17 55 
335 391 16 54 
334 391 16 53 
333 391 16 52 
328 391 16 52 
328 391 16 53 
326 390 15 51 
324 390 15 51 
322 390 15 51 
321 388 15 50 
319 386 15 51 
319 387 16 51 
316 386 16 53 
315 386 16 53 
313 386 16 54 
312 386 17 55 
311 385 17 55 
309 385 17 55 
307 387 17 55 
304 385 17 55 
303 386 16 54 
302 383 17 55 
301 384 17 55 
298 383 16 54 
298 383 16 54 
295 384 16 54 
292 384 17 54 
292 384 17 54 
291 384 17 56 
289 383 17 55 
287 383 17 55 
285 383 17 56 
283 384 17 57 
281 384 17 57 
280 383 18 58 
280 385 17 57 
279 384 18 58 
276 382 17 57 
274 379 17 57 
273 379 17 56 
271 380 17 56 
269 380 17 56 
267 380 17 56 
267 380 17 56 
265 380 17 56 
263 380 16 54 
260 378 16 54 
260 378 16 54 
258 378 16 54 
256 377 16 53 
255 377 16 52 
255 375 16 53 
252 376 16 53 
251 375 16 54 
251 374 16 53 
248 377 16 54 
246 375 16 54 
244 376 16 54 
243 375 16 53 
242 375 16 54 
239 375 17 56 
239 375 17 55 
238 373 17 55 
235 372 17 55 
234 373 17 55 
233 374 17 56 
231 372 17 55 
230 373 17 55 
228 372 17 55 
227 371 17 56 
223 373 17 57 
222 372 17 57 
221 370 17 57 
221 372 17 57 
218 372 17 56 
217 369 16 54 
215 370 16 54 
214 370 16 53 
212 370 16 53 
212 368 16 53 
210 370 16 51 
210 369 15 51 
207 370 16 52 
206 369 15 50 
204 369 15 49 
202 369 14 47 
201 367 15 48 
201 367 15 49 
198 366 15 50 
198 366 16 51 
196 366 15 49 
196 366 15 49 
195 364 15 49 
194 365 15 49 
192 367 15 48 
189 365 15 50 
189 365 15 50 
186 366 15 49 
186 365 15 50 
185 364 15 48 
183 362 15 49 
182 363 15 50 
181 363 15 49 
179 361 15 49 
179 361 15 48 
177 360 14 48 
175 362 14 47 
173 363 14 47 
173 362 14 47 
172 363 15 49 
170 362 15 48 
167 363 14 46 
167 361 14 47 
166 362 14 47 
164 360 14 46 
163 360 14 46 
162 359 14 46 
160 360 14 46 
159 359 14 45 
159 359 14 45 
157 359 13 44 
155 359 13 44 
154 359 13 44 
150 360 13 44 
149 359 13 44 
149 361 13 44 
147 359 13 44 
146 358 13 43 
146 357 13 44 
144 356 13 44 
142 356 13 44 
141 356 13 44 
140 357 13 43 
140 357 13 42 
139 356 13 42 
136 356 13 42 
134 357 13 41 
134 355 12 40 
132 355 12 39 
131 354 12 40 
130 355 12 40 
129 357 12 39 
128 353 12 39 
126 352 12 39 
126 353 12 39 
126 353 12 38 
124 353 12 38 
123 354 11 38 
123 354 11 38 
120 354 12 38 
119 352 11 38 
119 354 11 36 
117 351 11 35 
117 353 11 36 
116 350 11 36 
114 352 11 36 
113 351 11 35 
112 349 11 35 
112 348 11 36 
110 349 11 37 
110 349 11 37 
108 351 11 37 
107 349 11 37 
106 349 11 36 
104 350 11 36 
103 349 12 38 
102 349 11 37 
102 349 12 38 
101 348 12 39 
101 348 12 39 
100 347 12 39 
99 348 12 39 
98 347 12 38 
97 347 11 37 
96 348 11 36 
95 348 11 37 
94 346 11 37 
93 348 11 37 
92 345 12 39 
91 347 12 38 
89 345 12 40 
89 345 12 41 
89 344 12 40 
87 346 12 40 
85 344 12 39 
85 344 12 39 
84 345 12 40 
83 345 12 40 
83 345 12 40 
81 344 12 40 
80 345 12 39 
80 344 12 39 
78 344 12 39 
77 342 12 40 
76 342 12 39 
76 342 12 39 
75 340 12 39 
75 341 12 39 
74 341 12 38 
74 341 12 38 
72 342 12 38 
71 342 11 38 
70 342 11 38 
69 343 11 37 
69 341 11 37 
68 341 11 36 
67 341 11 36 
66 340 11 37 
65 339 11 37 
63 340 11 36 
62 338 11 36 
61 338 11 35 
61 339 11 35 
59 339 10 34 
59 338 10 33 
58 339 10 32 
57 340 9 31 
57 337 9 31 
56 337 10 32 
56 337 10 32 
53 337 9 31 
53 336 9 31 
51 335 9 30 
51 338 9 30 
52 336 9 31 
50 336 9 30 
50 339 9 31 
50 334 9 29 
49 337 9 29 
48 336 9 30 
46 336 9 30 
45 336 9 29 
44 335 9 30 
43 333 9 29 
43 335 9 30 
42 333 9 30 
41 334 9 30 
41 334 9 30 
38 335 9 30 
38 333 9 30 
