213 176 17 50 
212 176 17 49 
211 175 17 49 
208 173 16 48 
209 173 16 48 
206 172 16 48 
204 173 16 48 
202 171 16 47 
200 173 16 47 
200 172 16 48 
197 170 17 50 
196 168 17 50 
197 169 16 48 
196 169 17 50 
193 168 17 50 
191 167 17 49 
191 167 17 49 
190 166 17 49 
190 166 17 49 
189 166 17 50 
187 163 17 50 
187 163 17 50 
185 162 17 50 
186 160 17 49 
184 160 17 50 
183 160 17 49 
183 160 17 49 
181 160 17 50 
179 161 17 49 
177 159 17 49 
178 155 17 51 
177 155 17 50 
176 154 17 51 
175 153 17 51 
176 152 17 51 
173 152 17 51 
173 152 17 51 
173 152 17 51 
173 152 17 50 
172 151 17 49 
171 148 16 48 
171 148 16 48 
171 148 16 48 
171 148 16 48 
170 146 16 48 
170 146 16 48 
169 149 16 47 
167 146 16 48 
165 146 16 47 
163 147 16 48 
162 147 16 47 
161 145 16 46 
161 143 16 46 
158 141 15 45 
157 141 15 45 
157 141 15 44 
156 141 15 44 
154 141 15 44 
154 141 15 43 
153 140 15 43 
148 141 14 43 
146 140 14 42 
146 140 14 42 
144 140 14 41 
142 138 14 41 
142 137 14 41 
140 137 13 39 
140 139 13 39 
137 136 13 39 
136 137 13 37 
136 137 13 37 
132 133 13 39 
131 131 13 40 
131 132 14 40 
129 131 14 41 
129 131 14 41 
126 129 14 41 
126 129 14 41 
124 129 14 40 
124 129 14 40 
121 126 13 39 
120 125 13 39 
120 124 13 38 
117 126 13 38 
116 126 13 37 
113 127 13 38 
111 126 13 37 
110 126 13 38 
109 125 13 38 
106 123 13 38 
105 121 13 38 
106 123 13 38 
102 120 13 37 
100 121 13 38 
100 119 12 36 
99 120 12 36 
95 120 13 37 
95 118 12 35 
91 117 11 33 
92 119 11 33 
89 116 11 33 
88 118 12 34 
87 117 11 33 
85 118 11 33 
84 118 11 32 
83 118 11 31 
81 116 10 31 
80 115 10 30 
77 113 11 31 
77 114 10 30 
75 113 11 31 
74 112 11 31 
73 113 10 30 
73 115 10 31 
69 114 10 30 
69 113 10 29 
67 113 10 29 
65 112 10 29 
65 110 10 30 
64 112 10 30 
