145 189 31 115 
145 190 31 115 
145 190 31 115 
145 190 31 116 
144 189 31 114 
144 188 31 114 
143 185 31 115 
144 185 31 113 
147 185 31 114 
145 182 30 113 
143 184 30 113 
142 182 31 114 
142 182 31 114 
142 183 31 115 
142 183 31 115 
142 183 31 115 
142 183 31 115 
139 181 31 116 
140 178 31 115 
138 176 31 113 
139 177 30 113 
139 179 30 111 
139 177 30 110 
139 177 30 110 
138 178 29 109 
138 176 30 111 
138 176 30 110 
137 175 30 110 
138 172 29 109 
138 172 29 109 
139 172 30 110 
138 170 30 110 
140 172 30 110 
140 171 30 112 
140 172 30 111 
140 172 30 111 
140 172 30 111 
140 171 30 111 
139 170 30 111 
139 169 30 110 
139 168 29 109 
138 167 30 110 
137 167 29 109 
136 165 30 109 
137 167 29 109 
137 166 29 108 
136 167 29 108 
136 167 29 108 
136 167 29 108 
137 165 29 108 
137 163 29 108 
136 162 29 107 
137 161 29 106 
135 160 28 105 
135 161 29 106 
135 161 29 106 
135 162 29 106 
134 161 29 107 
134 161 29 107 
134 161 29 107 
135 159 29 106 
134 157 28 106 
134 159 28 105 
134 159 28 105 
134 157 28 104 
136 158 28 104 
134 157 28 104 
134 155 28 103 
134 158 28 103 
134 156 28 104 
134 156 28 104 
135 155 28 103 
136 154 28 103 
137 153 27 101 
136 152 28 102 
137 155 28 102 
136 152 28 102 
136 154 27 102 
136 154 27 102 
135 152 27 100 
135 153 27 102 
135 153 27 102 
135 152 27 101 
133 150 27 102 
132 149 27 101 
134 149 27 100 
134 148 27 101 
132 148 27 100 
132 148 27 100 
132 148 27 100 
133 149 27 101 
132 147 27 98 
132 147 27 99 
133 146 27 99 
133 144 27 100 
133 144 27 100 
133 144 27 100 
133 144 27 100 
133 144 27 99 
133 144 27 99 
133 144 27 99 
133 144 27 99 
133 144 27 99 
132 143 26 98 
131 142 27 99 
131 142 27 101 
131 142 27 101 
132 141 27 100 
130 141 27 100 
132 142 27 99 
132 142 27 99 
131 141 26 97 
131 141 26 97 
132 140 26 98 
132 140 26 98 
131 139 26 98 
131 137 26 98 
131 138 26 98 
131 138 26 98 
129 137 26 98 
132 138 26 96 
132 140 25 94 
129 138 25 94 
130 138 25 94 
130 135 25 95 
128 134 25 94 
128 134 25 93 
128 134 25 93 
127 134 25 93 
127 134 25 93 
127 134 25 93 
127 134 25 93 
127 133 25 93 
127 134 25 93 
128 133 25 92 
127 133 25 93 
127 133 25 93 
126 132 25 94 
127 131 25 93 
127 128 25 92 
126 127 25 93 
127 130 25 91 
126 129 24 90 
127 130 24 90 
125 128 24 89 
125 130 24 91 
125 130 24 91 
126 128 24 89 
125 128 24 88 
126 127 23 87 
124 128 24 88 
124 128 24 89 
124 127 24 89 
124 127 24 88 
122 126 23 85 
122 127 23 85 
123 127 23 84 
122 126 23 85 
122 125 23 84 
122 123 23 85 
122 123 23 85 
122 123 23 85 
123 123 23 84 
123 123 23 84 
122 124 23 86 
122 123 22 82 
122 124 22 83 
121 123 22 83 
118 122 22 83 
118 122 22 83 
118 121 22 81 
118 121 22 81 
118 121 22 81 
119 121 22 82 
118 121 22 82 
119 121 22 82 
117 120 22 83 
117 120 22 83 
119 122 23 84 
118 118 23 84 
117 119 23 84 
117 117 23 84 
117 117 22 83 
117 116 22 82 
118 117 22 82 
116 115 22 82 
118 116 22 82 
117 115 22 82 
117 117 22 80 
115 116 21 78 
116 115 21 78 
116 117 21 77 
116 117 20 76 
115 118 21 77 
116 118 21 78 
117 115 21 77 
116 113 21 76 
118 112 21 78 
117 116 21 77 
119 121 21 78 
121 121 21 77 
121 121 21 77 
106 135 21 77 
108 136 21 77 
111 138 21 77 
111 138 21 76 
112 140 20 75 
113 140 20 73 
115 141 20 73 
115 141 20 73 
116 143 20 73 
117 139 19 72 
117 139 20 73 
117 140 20 74 
118 138 20 74 
119 142 20 76 
119 144 21 76 
120 143 20 75 
118 136 20 75 
110 107 20 76 
110 106 21 77 
111 108 21 76 
111 108 21 76 
112 109 21 77 
112 107 21 76 
111 107 21 77 
112 106 20 76 
113 104 21 76 
112 106 20 75 
113 105 20 75 
113 105 20 75 
113 105 20 75 
112 107 21 76 
110 106 21 77 
110 105 21 77 
109 105 21 76 
111 105 20 75 
110 103 20 75 
111 103 20 75 
108 102 20 75 
108 102 20 75 
109 102 20 73 
111 104 20 74 
111 104 20 73 
110 104 19 71 
110 102 19 71 
110 101 19 70 
110 101 19 70 
110 99 19 70 
110 99 19 70 
111 99 19 71 
110 98 19 71 
110 98 19 71 
110 98 19 71 
111 98 19 69 
111 98 19 69 
112 98 18 68 
112 98 18 68 
111 99 18 68 
111 99 18 68 
111 99 18 68 
111 97 19 69 
110 97 19 69 
110 97 19 69 
111 97 19 69 
111 97 19 69 
113 99 19 69 
113 99 19 69 
112 98 19 69 
112 96 18 67 
112 95 18 68 
113 95 19 69 
113 95 19 69 
114 96 19 69 
114 96 19 69 
113 96 18 68 
115 96 18 68 
114 96 18 68 
113 97 18 67 
112 97 18 67 
113 96 18 67 
113 96 18 67 
113 95 18 68 
113 93 19 69 
111 94 18 68 
113 95 18 67 
110 92 18 67 
113 95 18 68 
112 93 18 68 
112 93 19 69 
113 93 19 69 
113 93 19 69 
111 92 19 69 
112 90 19 69 
111 91 19 71 
112 92 19 71 
111 91 20 72 
113 93 19 70 
112 93 19 72 
112 93 19 72 
111 93 20 72 
112 91 19 72 
111 91 19 71 
110 90 19 70 
111 91 19 70 
111 91 19 70 
111 91 19 70 
110 91 19 70 
112 92 19 70 
112 92 19 70 
110 91 19 69 
111 89 19 69 
110 90 19 70 
110 88 19 69 
111 89 18 68 
109 87 18 68 
111 86 18 67 
111 87 18 68 
112 86 18 68 
111 86 19 70 
111 86 19 70 
111 88 19 69 
110 86 19 71 
110 86 19 71 
109 86 19 71 
108 85 19 71 
108 85 19 71 
108 85 19 71 
109 85 19 71 
109 85 19 71 
109 86 19 71 
109 87 19 71 
109 87 19 71 
108 86 19 71 
108 86 19 71 
108 85 19 71 
108 84 19 72 
108 84 19 72 
107 82 19 71 
108 83 19 70 
108 84 19 71 
110 83 20 73 
108 83 19 72 
107 82 19 71 
107 82 19 71 
107 83 19 71 
107 84 19 72 
107 83 20 73 
108 82 20 74 
107 81 20 74 
107 81 20 74 
108 82 20 73 
108 83 20 72 
108 83 20 72 
108 84 19 71 
107 81 19 72 
107 81 20 74 
108 82 20 72 
107 80 19 71 
107 80 19 71 
107 80 19 71 
107 79 19 71 
107 79 19 71 
107 78 19 69 
107 80 18 68 
108 79 18 68 
107 79 19 69 
107 79 18 68 
106 77 18 68 
106 77 18 68 
106 77 18 68 
106 77 18 68 
106 77 18 68 
106 77 18 68 
104 77 19 69 
107 77 19 70 
107 77 19 70 
107 77 19 70 
107 77 19 70 
107 76 18 68 
107 76 18 68 
107 75 18 69 
106 75 19 70 
106 75 19 70 
106 74 19 69 
106 74 18 68 
106 74 18 68 
105 74 18 67 
106 75 18 67 
106 75 18 67 
106 75 18 67 
106 75 18 67 
105 73 17 65 
105 74 17 65 
106 74 18 67 
107 75 18 66 
106 75 18 65 
106 75 17 64 
106 75 17 64 
106 74 17 64 
106 74 17 64 
106 74 17 64 
106 74 17 63 
106 72 17 62 
104 73 17 63 
106 73 17 64 
106 73 17 64 
106 73 17 64 
106 73 17 64 
106 72 17 63 
104 73 17 63 
104 73 17 63 
104 73 17 63 
104 71 17 64 
104 71 17 64 
104 71 17 63 
104 71 17 63 
104 71 17 64 
104 71 17 63 
104 72 16 60 
103 72 16 60 
103 71 16 61 
103 70 16 60 
102 71 16 60 
104 70 16 60 
103 69 16 61 
103 69 16 61 
101 69 17 61 
102 70 16 60 
102 69 16 59 
102 69 16 59 
102 69 16 59 
101 69 16 58 
100 68 15 56 
101 68 15 56 
101 67 15 56 
101 67 15 56 
100 69 15 57 
100 69 15 56 
100 68 15 56 
100 68 15 56 
100 68 15 56 
100 70 15 56 
100 67 15 56 
100 68 15 56 
99 66 15 56 
100 67 15 56 
101 68 15 54 
99 67 15 56 
99 67 15 56 
99 67 15 56 
99 67 15 56 
99 67 15 56 
99 66 15 56 
98 67 15 56 
98 67 15 56 
98 66 15 55 
98 66 15 54 
98 66 15 54 
97 65 15 56 
97 65 15 56 
97 65 15 56 
99 64 15 57 
98 65 15 57 
98 65 15 57 
98 65 15 57 
97 64 16 59 
99 65 15 57 
98 63 16 58 
99 65 15 57 
100 65 15 57 
99 64 15 57 
99 65 15 56 
98 64 15 56 
99 65 15 54 
100 65 15 54 
99 65 15 55 
98 65 15 55 
99 63 15 55 
99 63 15 55 
98 62 15 56 
100 62 15 56 
98 63 15 56 
99 62 15 57 
99 62 15 57 
99 62 15 55 
99 63 14 54 
99 61 15 55 
99 62 15 54 
100 62 15 56 
100 62 15 56 
99 61 15 55 
101 61 15 54 
100 60 14 52 
99 60 14 51 
99 60 14 51 
99 60 14 51 
100 61 14 52 
101 61 14 53 
100 59 14 52 
