180 104 68 101 
181 104 68 101 
182 105 68 101 
184 105 67 100 
185 105 68 100 
187 104 68 100 
189 104 68 101 
190 102 68 101 
194 103 67 100 
195 103 68 100 
199 105 68 101 
198 107 68 101 
197 109 69 102 
200 109 69 102 
202 108 69 102 
206 110 68 102 
209 112 68 102 
210 114 68 101 
212 113 68 101 
219 112 68 101 
220 109 68 102 
221 105 68 102 
224 106 68 101 
224 105 68 101 
226 108 68 101 
228 114 68 101 
226 115 68 101 
226 115 68 101 
222 118 68 101 
222 119 68 101 
219 119 68 101 
213 117 68 101 
211 117 68 100 
206 114 68 101 
202 113 68 101 
197 113 68 101 
194 112 68 100 
190 111 67 100 
186 109 68 100 
184 110 68 101 
182 112 68 101 
182 112 68 101 
179 113 68 101 
179 113 68 101 
179 113 68 101 
177 115 68 101 
174 113 68 101 
172 114 68 101 
174 114 68 101 
173 114 68 100 
171 114 68 100 
174 113 68 100 
175 111 67 100 
174 112 67 100 
175 114 67 100 
176 116 68 100 
176 118 67 100 
176 121 67 100 
177 122 68 100 
177 122 68 100 
175 121 67 100 
177 118 67 99 
184 116 67 99 
185 113 66 99 
187 110 66 99 
189 105 66 98 
195 106 66 98 
195 106 66 98 
198 108 66 98 
202 109 66 98 
205 112 66 98 
207 112 65 97 
208 112 66 98 
209 112 65 97 
209 112 65 97 
210 113 66 97 
210 111 66 98 
210 109 66 98 
211 109 66 97 
209 109 65 97 
208 110 65 97 
205 113 65 97 
205 113 65 97 
200 112 65 97 
201 112 65 97 
200 111 65 97 
197 111 65 97 
200 109 65 97 
198 108 65 97 
193 106 65 97 
194 105 65 97 
190 104 65 97 
185 103 65 96 
183 100 65 96 
182 104 65 96 
183 109 65 96 
181 110 64 96 
183 113 65 96 
181 116 65 97 
180 116 65 96 
181 117 65 97 
182 119 65 97 
183 115 64 96 
182 114 64 96 
183 114 65 96 
186 116 64 95 
190 115 64 95 
193 114 64 95 
195 115 64 95 
195 115 64 95 
200 114 64 95 
205 114 64 95 
201 114 64 96 
203 113 64 95 
205 112 64 95 
208 112 64 96 
211 114 65 96 
213 112 64 95 
213 111 65 96 
213 110 64 95 
212 110 65 96 
215 110 65 96 
216 114 65 96 
216 116 64 96 
220 118 64 96 
217 120 64 95 
218 118 64 95 
215 114 64 95 
213 112 64 95 
211 110 63 94 
209 106 63 94 
208 103 63 94 
203 102 63 93 
203 105 63 94 
198 108 63 94 
192 109 64 94 
190 109 64 94 
189 110 64 94 
186 110 63 94 
186 110 63 94 
186 109 64 95 
186 108 64 95 
188 109 64 95 
188 109 64 95 
190 108 64 95 
192 108 64 94 
193 110 63 94 
193 112 64 95 
196 113 64 94 
197 112 64 95 
197 112 64 95 
201 110 64 95 
201 109 64 95 
201 108 64 95 
203 106 64 95 
205 106 64 95 
205 109 64 96 
209 110 64 96 
208 111 65 96 
207 113 64 96 
206 113 65 96 
205 115 64 95 
204 117 64 95 
202 118 64 95 
202 118 64 95 
200 116 64 95 
202 113 64 95 
203 110 64 95 
201 108 64 95 
199 108 64 95 
196 108 64 96 
195 108 65 96 
191 109 64 95 
190 111 64 95 
189 114 64 95 
186 114 64 96 
182 110 64 96 
179 108 64 95 
177 108 64 95 
175 107 63 94 
176 108 64 94 
175 109 64 95 
180 111 63 94 
181 112 63 94 
184 115 63 94 
186 117 63 94 
189 121 63 94 
191 122 64 94 
193 124 64 95 
198 124 64 95 
201 124 64 95 
204 125 63 94 
209 120 64 94 
216 115 64 95 
216 115 64 95 
217 112 63 94 
219 112 63 94 
224 112 63 94 
230 113 64 95 
232 115 64 95 
236 115 64 95 
242 116 64 95 
241 117 64 95 
243 115 64 95 
242 115 64 94 
244 114 64 96 
240 111 64 95 
236 113 64 95 
240 113 65 96 
240 117 65 96 
234 116 65 96 
234 115 65 96 
234 115 65 97 
235 114 65 96 
234 112 65 96 
232 111 65 97 
230 112 65 96 
230 113 65 97 
226 116 65 97 
224 116 65 97 
226 115 65 97 
224 115 65 96 
224 113 65 97 
226 112 65 97 
227 111 65 97 
224 112 65 97 
229 116 66 97 
233 117 66 97 
232 118 65 97 
233 118 66 98 
236 118 65 97 
237 115 65 97 
238 114 65 97 
240 113 65 96 
242 113 64 96 
249 111 65 96 
252 111 65 96 
247 115 65 96 
255 118 65 97 
255 121 65 96 
253 127 65 96 
253 128 65 97 
254 130 66 98 
260 130 66 98 
262 128 66 97 
266 127 65 97 
266 128 65 97 
262 130 65 97 
259 129 65 97 
262 127 65 97 
269 127 65 97 
262 131 65 97 
259 131 66 97 
259 129 65 97 
260 128 66 97 
256 129 65 97 
249 125 65 97 
248 120 65 97 
247 115 65 97 
251 108 65 97 
251 104 65 97 
256 106 65 97 
264 108 65 97 
267 115 65 97 
269 117 65 96 
273 122 64 95 
279 129 64 95 
288 102 64 95 
288 129 64 95 
288 118 64 95 
288 103 64 96 
288 111 64 96 
288 102 64 96 
288 96 64 96 
288 99 64 95 
288 107 64 95 
288 110 64 95 
288 108 64 95 
288 107 64 95 
288 109 64 95 
288 105 64 95 
288 106 64 95 
288 103 64 95 
288 101 64 96 
288 102 64 96 
288 99 64 95 
288 96 64 95 
288 98 64 95 
288 99 64 95 
288 104 64 95 
288 103 64 95 
288 102 64 95 
288 102 64 96 
288 106 64 95 
288 103 64 95 
288 105 64 95 
287 93 64 95 
288 109 63 94 
277 107 63 93 
268 108 63 94 
264 105 63 93 
254 104 63 93 
249 108 63 93 
246 109 63 93 
240 107 63 93 
238 107 63 93 
239 109 62 92 
237 110 62 92 
233 112 62 92 
229 110 61 91 
228 112 61 91 
223 101 62 92 
225 104 62 92 
213 107 62 92 
202 113 62 92 
200 102 62 92 
189 99 62 92 
177 96 62 92 
174 96 62 92 
172 95 62 92 
169 98 62 92 
163 98 62 92 
162 97 62 92 
163 97 62 92 
162 102 62 92 
159 103 62 92 
159 103 62 92 
162 103 62 92 
169 104 62 93 
169 106 62 93 
168 107 62 93 
171 106 62 93 
174 108 62 93 
177 107 62 92 
182 110 62 92 
188 113 62 92 
193 116 63 93 
195 114 62 92 
197 108 62 92 
199 104 62 92 
198 101 62 92 
198 96 62 93 
199 94 62 92 
200 93 63 93 
197 94 63 93 
199 102 63 93 
203 112 63 93 
206 124 62 93 
215 129 63 93 
217 133 62 93 
225 140 62 93 
227 143 62 93 
231 145 62 93 
236 147 62 92 
238 147 62 92 
243 146 62 92 
239 144 62 92 
237 144 62 92 
233 143 62 92 
233 135 62 92 
228 130 62 93 
222 125 62 92 
217 120 62 92 
212 116 62 92 
207 113 62 92 
204 115 62 92 
199 116 62 93 
198 118 63 93 
195 119 63 93 
194 123 63 93 
194 123 63 93 
191 123 63 93 
191 123 63 93 
192 120 63 93 
189 117 63 93 
191 117 62 93 
189 113 62 92 
188 112 62 92 
178 114 62 92 
203 108 62 92 
198 102 61 91 
201 108 61 91 
208 117 61 91 
181 131 61 90 
174 115 61 90 
178 120 62 91 
189 106 61 91 
177 136 62 91 
185 127 62 91 
175 116 61 91 
169 112 61 91 
170 111 61 91 
168 109 61 91 
174 114 61 91 
168 110 61 91 
161 110 61 91 
154 133 61 91 
177 131 61 90 
176 121 60 90 
171 117 61 90 
205 116 61 91 
226 120 61 91 
228 124 61 90 
218 114 61 90 
212 110 60 90 
225 129 60 89 
244 134 60 89 
225 127 60 89 
223 116 60 89 
220 119 61 90 
227 122 61 90 
223 125 61 90 
219 115 61 90 
224 119 61 90 
228 115 60 90 
226 107 60 89 
231 113 60 90 
222 95 60 89 
225 90 60 89 
233 96 60 89 
233 115 60 90 
241 115 59 88 
245 121 59 88 
247 122 59 87 
246 125 58 87 
238 127 59 87 
234 127 59 88 
230 124 59 88 
223 121 59 88 
220 116 60 88 
216 115 60 89 
209 112 60 89 
210 112 59 88 
210 112 59 88 
213 115 59 88 
217 119 59 88 
223 119 59 88 
225 122 59 88 
229 121 59 88 
234 120 59 87 
227 122 59 87 
227 118 58 87 
223 116 59 87 
222 108 59 87 
218 110 58 87 
208 110 59 87 
210 109 58 86 
201 116 58 86 
200 118 59 87 
199 117 58 87 
195 116 59 87 
191 114 59 87 
189 112 59 87 
186 115 59 87 
192 105 59 87 
193 101 59 87 
198 98 59 87 
201 104 59 88 
200 107 59 87 
202 108 58 87 
201 109 59 87 
198 112 59 87 
190 112 59 88 
182 108 59 88 
175 106 59 88 
169 102 59 88 
163 99 59 88 
157 94 59 87 
156 91 59 88 
156 87 59 88 
158 91 59 88 
160 90 59 88 
161 93 59 87 
162 95 58 87 
167 97 58 87 
170 98 58 87 
171 95 58 87 
181 96 59 87 
184 96 58 87 
185 96 59 88 
188 95 59 88 
190 101 59 88 
192 105 59 87 
192 105 59 87 
194 106 59 87 
193 111 59 87 
196 111 59 87 
195 111 59 87 
199 111 59 87 
200 106 59 87 
200 103 59 87 
202 100 58 87 
199 97 58 87 
198 96 58 87 
197 102 59 87 
194 104 59 87 
192 106 59 87 
193 104 59 87 
195 104 59 88 
193 103 59 87 
194 102 59 87 
204 98 59 87 
209 96 59 88 
212 98 59 88 
214 107 59 87 
209 105 59 88 
224 98 60 88 
205 100 60 89 
212 101 60 89 
210 98 60 89 
211 96 60 90 
208 96 60 89 
209 100 60 89 
214 95 60 89 
217 87 60 89 
222 88 60 89 
222 94 60 89 
220 102 60 89 
216 110 60 89 
209 112 60 89 
200 114 60 89 
189 113 60 89 
178 105 60 89 
171 100 60 89 
169 95 60 89 
163 92 60 89 
163 88 60 90 
163 89 60 89 
162 93 60 89 
166 98 60 89 
168 101 60 89 
168 111 60 89 
166 113 59 88 
169 116 59 88 
172 114 59 88 
174 106 60 89 
177 102 60 89 
178 101 60 89 
177 103 60 89 
179 104 60 89 
180 107 60 89 
181 113 60 89 
177 115 60 89 
176 119 60 89 
173 120 60 89 
168 118 60 89 
165 116 60 89 
163 110 60 89 
160 106 60 90 
160 100 60 89 
161 96 60 88 
161 92 60 88 
163 93 60 89 
164 99 60 89 
164 103 60 89 
162 107 60 89 
162 111 60 89 
162 115 60 89 
160 113 60 89 
161 113 60 89 
163 113 59 88 
169 113 59 88 
175 111 59 88 
179 107 59 88 
188 103 59 88 
193 105 60 89 
197 103 60 89 
206 108 60 89 
207 111 60 89 
