331 210 67 122 
329 208 67 122 
329 207 67 122 
328 206 67 122 
329 205 67 121 
328 204 66 121 
328 204 66 121 
327 204 67 121 
326 203 66 121 
328 200 66 121 
326 201 66 121 
326 209 67 121 
357 200 66 121 
339 193 66 121 
304 200 66 120 
304 208 66 120 
307 195 66 120 
307 201 66 120 
307 193 66 120 
338 182 66 121 
343 178 66 120 
344 177 66 120 
334 182 66 120 
334 178 66 120 
331 175 66 119 
331 186 65 119 
331 191 65 118 
329 183 65 118 
328 184 65 117 
337 185 64 117 
334 185 64 116 
335 183 64 116 
346 176 65 118 
338 187 65 118 
365 178 65 118 
371 165 65 118 
397 177 65 118 
401 184 65 118 
372 199 64 117 
348 167 64 117 
346 201 64 116 
359 177 64 116 
343 183 63 115 
343 188 63 115 
345 185 63 115 
317 205 63 115 
353 185 63 115 
355 191 63 115 
362 183 63 115 
358 176 63 115 
358 176 63 115 
356 176 64 116 
357 177 64 116 
351 182 63 116 
353 182 64 116 
358 177 63 115 
354 182 63 116 
358 184 64 116 
357 174 63 115 
381 186 63 115 
375 183 63 115 
363 181 63 114 
366 190 63 114 
366 190 63 114 
375 176 63 114 
376 182 63 114 
379 194 63 114 
398 224 63 114 
406 231 62 114 
425 241 62 113 
419 239 62 113 
420 229 62 113 
405 231 62 113 
403 213 62 114 
385 179 62 113 
388 177 62 114 
385 181 62 114 
387 186 62 113 
395 182 62 114 
397 180 62 114 
391 180 63 114 
399 180 63 115 
402 177 63 115 
410 203 63 115 
432 199 63 114 
422 203 63 116 
405 187 63 115 
411 183 63 114 
410 181 62 114 
444 211 63 114 
413 178 62 114 
411 153 62 114 
401 153 62 113 
417 172 62 113 
421 175 62 113 
421 179 62 112 
421 171 62 113 
430 170 62 112 
425 182 61 112 
420 177 61 111 
430 181 61 111 
409 213 61 111 
403 221 61 111 
404 223 61 111 
401 232 60 110 
398 226 60 110 
405 233 60 110 
424 229 60 109 
413 221 60 109 
427 189 61 110 
440 203 60 110 
444 205 61 111 
460 230 61 111 
455 214 61 111 
429 191 61 111 
431 182 61 112 
431 190 61 112 
436 205 62 112 
433 189 61 112 
428 188 62 112 
417 162 62 113 
419 173 62 113 
386 158 62 113 
420 181 62 112 
423 189 62 113 
421 189 62 113 
436 210 62 113 
422 186 62 113 
422 194 61 112 
427 202 61 112 
404 188 61 112 
383 209 62 112 
380 201 61 111 
376 231 62 112 
378 236 62 113 
378 237 62 113 
363 246 62 113 
348 222 62 113 
338 224 62 113 
366 201 62 113 
375 236 62 113 
376 243 63 114 
373 242 62 113 
373 235 62 113 
365 249 62 114 
374 243 62 113 
377 245 62 113 
375 244 63 114 
376 248 62 114 
371 251 62 114 
386 258 62 113 
385 258 63 114 
377 240 62 113 
372 220 62 113 
385 188 62 112 
403 184 62 113 
417 173 62 112 
410 185 62 113 
413 222 62 113 
413 187 63 114 
407 177 63 114 
379 185 63 114 
377 181 62 114 
388 213 63 114 
402 231 63 114 
402 211 62 114 
422 244 63 115 
420 225 63 114 
409 237 62 113 
406 242 62 113 
399 205 63 114 
393 182 63 114 
365 195 63 114 
381 189 62 113 
384 178 62 113 
381 161 62 113 
388 191 62 113 
387 213 62 112 
399 236 61 111 
410 237 61 111 
388 227 61 110 
385 227 60 110 
392 233 61 110 
412 239 61 111 
377 234 61 111 
390 219 61 112 
382 209 61 112 
378 198 61 111 
377 197 61 111 
382 206 61 111 
366 189 61 110 
354 183 61 110 
352 189 61 110 
357 180 61 111 
365 194 61 110 
365 191 60 110 
341 190 60 110 
361 187 61 111 
344 213 61 110 
343 222 61 111 
383 229 61 111 
395 230 61 111 
386 231 61 111 
396 235 61 110 
390 228 61 110 
388 229 61 110 
391 229 61 111 
391 240 61 111 
388 219 61 111 
398 225 61 111 
400 225 61 112 
405 250 61 111 
421 242 61 111 
420 246 61 111 
423 246 61 111 
419 245 61 111 
425 251 61 110 
403 239 60 110 
408 233 60 110 
420 247 60 109 
413 245 60 109 
409 242 59 108 
411 244 60 109 
410 232 60 109 
405 231 60 109 
405 209 60 109 
408 212 60 109 
390 173 60 109 
392 202 60 108 
423 214 60 109 
411 236 60 109 
432 265 60 109 
412 244 60 109 
437 247 60 109 
403 224 60 109 
405 224 60 110 
399 202 60 110 
400 197 60 109 
397 205 60 110 
401 167 60 109 
392 164 60 109 
397 165 60 109 
403 163 60 109 
402 156 60 109 
401 156 60 109 
404 166 60 109 
399 158 59 107 
401 159 59 108 
397 169 59 108 
394 168 59 107 
396 169 59 108 
371 195 59 108 
394 168 59 107 
375 166 59 107 
413 172 59 107 
400 164 59 107 
396 194 59 107 
393 167 59 107 
404 210 59 107 
412 196 58 106 
415 205 59 107 
409 203 59 107 
398 211 59 107 
394 197 58 106 
396 164 58 105 
396 181 58 105 
430 193 58 105 
423 191 57 104 
399 166 57 104 
409 158 58 105 
413 168 57 104 
406 169 57 104 
438 159 58 105 
448 144 58 105 
422 169 57 105 
417 166 57 104 
454 158 57 104 
415 163 57 104 
417 164 57 104 
454 174 57 104 
457 168 57 103 
439 184 57 103 
470 208 57 104 
449 191 57 104 
419 179 57 104 
418 161 57 104 
418 158 57 105 
412 160 57 105 
411 162 57 104 
412 164 58 105 
387 165 57 105 
392 162 57 104 
389 151 57 103 
378 177 57 103 
370 176 57 103 
363 176 57 104 
343 144 57 104 
340 189 57 103 
354 164 56 103 
345 151 57 104 
369 158 57 103 
361 153 57 103 
353 156 57 103 
356 149 57 103 
352 153 56 103 
360 154 56 102 
351 157 57 103 
350 151 57 104 
338 177 57 104 
331 164 57 104 
333 164 58 105 
363 161 57 104 
358 154 57 105 
364 161 58 105 
358 156 58 106 
372 146 58 105 
370 144 57 104 
375 120 57 104 
334 128 57 104 
362 130 57 103 
365 112 57 104 
382 134 57 104 
370 158 57 105 
367 140 57 104 
381 105 58 105 
342 120 58 106 
346 128 58 106 
324 137 58 106 
310 140 58 105 
309 136 58 105 
289 137 58 105 
297 126 58 106 
320 135 58 106 
341 113 59 107 
322 133 59 107 
294 141 59 107 
286 129 59 108 
310 125 59 108 
311 103 59 108 
282 101 59 107 
305 114 58 106 
299 107 58 106 
299 108 58 105 
302 116 58 105 
311 112 58 105 
324 111 58 105 
327 106 58 105 
338 101 57 104 
319 121 57 104 
352 113 57 104 
366 122 58 105 
358 114 58 106 
362 117 58 106 
359 113 58 105 
358 128 57 105 
361 120 57 104 
367 131 57 105 
368 112 57 105 
371 113 58 105 
354 120 57 104 
347 163 57 104 
339 179 57 105 
330 161 58 105 
323 170 58 105 
352 152 57 104 
324 119 57 104 
