460 194 29 26 
458 187 30 26 
456 183 29 26 
454 178 29 26 
452 176 29 26 
453 171 29 26 
449 165 29 26 
449 166 29 26 
447 164 28 25 
450 159 28 25 
449 158 28 25 
446 152 28 25 
443 149 28 25 
444 146 28 26 
441 141 28 25 
439 136 29 26 
443 129 29 26 
444 127 29 26 
441 120 30 27 
435 110 30 27 
435 110 30 27 
428 105 30 27 
427 101 30 27 
426 101 30 27 
413 101 30 27 
404 96 30 27 
395 98 30 27 
389 101 30 27 
385 101 30 27 
379 107 30 27 
373 114 31 27 
363 122 31 27 
358 129 31 28 
344 136 31 28 
344 128 31 28 
336 134 31 28 
323 149 31 28 
324 156 30 27 
317 152 30 27 
310 161 30 27 
308 165 30 27 
297 183 30 27 
295 183 31 28 
292 190 31 28 
291 196 31 28 
286 199 31 28 
282 207 30 27 
279 216 31 27 
277 220 31 28 
276 224 31 28 
273 229 31 28 
267 240 31 28 
267 240 31 28 
265 249 31 28 
263 254 31 28 
262 258 31 28 
257 267 31 28 
255 271 31 28 
254 276 31 28 
251 280 31 28 
249 281 31 28 
244 287 31 28 
241 288 31 28 
239 289 31 28 
237 289 31 28 
234 289 31 28 
229 291 31 28 
229 290 31 27 
225 292 30 27 
226 290 31 27 
221 290 31 28 
218 291 31 28 
218 287 31 28 
216 286 30 27 
214 286 30 27 
214 284 30 27 
211 282 30 27 
209 282 30 26 
209 280 29 26 
206 280 30 26 
206 279 29 26 
