147 81 51 61 
146 80 51 61 
146 80 51 60 
146 83 51 60 
145 83 51 61 
145 84 50 60 
145 84 50 60 
145 84 50 60 
145 86 50 60 
146 86 50 60 
144 88 50 60 
145 87 50 60 
145 87 51 61 
145 87 51 61 
145 87 51 61 
145 87 50 60 
143 88 50 60 
143 88 50 60 
143 88 50 60 
143 90 50 60 
142 89 50 60 
142 89 50 60 
142 91 50 60 
141 89 50 60 
142 91 50 60 
141 91 51 61 
141 90 51 61 
141 90 51 61 
141 90 51 61 
141 90 51 61 
140 89 51 61 
138 89 51 61 
138 89 51 61 
136 89 51 60 
132 86 51 61 
131 86 51 61 
129 85 51 61 
128 85 51 61 
127 85 51 61 
127 85 51 61 
126 84 52 62 
126 85 52 62 
127 84 52 62 
128 81 52 62 
131 81 52 62 
131 80 52 63 
133 79 52 62 
134 80 52 63 
134 79 52 62 
135 80 52 62 
135 81 52 62 
136 82 51 62 
137 84 52 62 
137 87 52 62 
136 89 52 62 
137 90 52 62 
137 94 51 62 
137 94 51 62 
136 98 52 62 
136 99 52 62 
135 102 51 61 
135 104 51 61 
135 106 51 61 
134 107 51 61 
134 110 52 62 
135 111 52 62 
137 110 52 62 
138 112 52 62 
139 112 52 62 
140 114 51 62 
141 114 51 61 
143 115 51 61 
144 115 51 61 
146 112 52 62 
148 112 52 62 
147 112 52 62 
146 111 52 62 
145 106 52 62 
145 104 52 62 
145 102 52 62 
144 100 52 62 
143 98 52 62 
143 97 52 62 
143 96 51 62 
143 95 51 61 
143 95 51 62 
143 95 51 62 
143 93 52 62 
144 93 52 62 
143 91 52 62 
142 91 52 62 
142 91 52 62 
140 88 52 62 
140 87 52 62 
137 86 52 62 
134 84 52 62 
131 84 52 62 
129 83 52 63 
127 84 52 62 
126 84 53 63 
125 83 53 63 
125 83 53 63 
125 83 53 63 
125 82 53 63 
123 82 53 63 
123 83 53 63 
123 81 53 63 
123 81 53 63 
125 82 52 62 
125 82 52 62 
127 81 52 62 
128 82 52 62 
129 83 52 62 
129 84 52 62 
131 84 52 62 
132 86 52 62 
133 87 52 62 
135 89 52 62 
136 90 51 61 
136 90 52 62 
136 92 51 61 
136 92 51 61 
136 92 51 61 
136 92 51 61 
138 94 51 61 
139 93 51 61 
138 94 51 61 
138 94 51 62 
138 94 51 62 
138 92 51 61 
138 92 51 61 
138 92 51 61 
138 92 52 62 
138 92 52 62 
137 92 51 61 
137 92 51 61 
138 92 51 61 
137 92 52 62 
137 93 51 61 
136 92 52 62 
135 93 52 62 
135 92 52 62 
133 91 52 62 
130 91 52 62 
129 90 52 62 
126 90 52 63 
126 90 52 63 
126 91 52 62 
126 91 52 63 
126 91 52 62 
126 91 52 62 
128 92 52 62 
128 93 52 62 
128 93 52 62 
129 93 52 62 
128 93 52 62 
131 94 51 61 
132 95 51 61 
132 96 51 61 
132 94 51 61 
133 95 51 61 
133 95 51 61 
133 95 51 61 
133 95 51 61 
134 95 51 60 
132 96 51 61 
133 96 50 60 
133 96 50 60 
132 95 50 60 
132 95 50 60 
133 94 50 60 
133 94 50 60 
130 94 50 60 
130 94 50 60 
131 93 50 60 
130 93 50 60 
128 92 50 60 
128 92 50 60 
127 92 50 60 
128 91 50 60 
126 91 51 60 
126 91 51 60 
126 91 51 60 
125 92 50 60 
126 92 50 60 
125 91 50 60 
125 94 50 59 
125 94 49 59 
124 94 49 59 
124 94 49 58 
124 94 49 58 
124 94 49 58 
125 93 49 58 
126 94 49 59 
126 95 49 59 
126 95 49 59 
125 95 49 59 
126 95 49 58 
126 95 49 58 
126 95 49 58 
127 96 48 58 
128 98 49 58 
128 98 49 58 
129 98 48 58 
128 99 48 58 
128 99 48 58 
128 99 48 58 
128 100 48 57 
128 100 47 57 
129 100 48 57 
128 100 47 57 
128 102 47 56 
128 101 47 56 
128 101 47 56 
127 102 46 55 
126 100 46 56 
126 100 46 56 
126 100 46 56 
126 101 46 56 
126 100 46 56 
126 100 46 56 
127 101 47 56 
124 99 47 56 
124 99 47 56 
124 99 47 56 
124 99 47 56 
124 99 46 55 
122 99 46 55 
122 99 46 55 
123 98 46 55 
122 98 46 55 
121 97 46 55 
121 97 46 55 
122 99 46 55 
122 99 46 55 
122 101 46 55 
122 101 46 55 
121 101 46 55 
122 101 46 55 
122 101 46 55 
122 101 46 55 
122 101 46 55 
121 100 46 55 
122 100 46 55 
122 100 46 55 
124 100 46 55 
123 101 46 55 
122 102 46 55 
123 102 46 55 
122 102 46 55 
122 102 46 55 
121 101 46 55 
121 99 46 55 
122 98 46 55 
122 97 46 56 
122 94 46 55 
122 94 47 56 
122 93 47 56 
121 89 46 55 
121 86 46 55 
121 85 46 55 
121 83 46 55 
120 80 46 55 
119 78 46 54 
120 76 45 54 
119 74 45 54 
118 73 46 54 
119 71 45 54 
120 69 45 54 
120 68 45 54 
120 67 45 54 
120 67 45 54 
120 67 45 54 
121 68 45 54 
124 69 45 54 
122 69 45 54 
125 72 45 54 
127 74 45 54 
130 76 45 54 
131 77 46 55 
130 77 45 54 
133 78 45 54 
134 79 46 55 
137 81 46 55 
138 80 46 55 
137 81 45 54 
139 82 45 54 
138 81 45 54 
140 81 46 55 
140 83 46 55 
141 83 46 55 
144 85 46 55 
141 85 46 55 
143 87 46 55 
144 88 46 55 
144 91 46 55 
146 93 46 55 
146 93 46 55 
146 95 46 55 
145 97 46 55 
145 100 46 55 
145 100 46 55 
143 102 46 54 
143 104 46 54 
143 104 46 54 
142 106 45 54 
140 106 46 55 
141 105 46 55 
138 106 46 55 
138 105 46 56 
139 106 47 56 
138 106 47 56 
138 106 47 56 
138 104 47 56 
137 103 46 56 
134 103 47 56 
135 101 47 56 
133 102 46 56 
131 101 47 56 
131 101 47 56 
129 100 47 56 
128 99 47 56 
126 100 47 56 
124 99 46 55 
123 97 47 56 
121 97 47 56 
119 97 47 56 
117 96 47 57 
116 96 47 57 
114 94 47 56 
113 95 47 56 
113 95 47 56 
112 95 47 56 
109 93 46 55 
109 93 46 55 
108 94 46 55 
106 95 46 55 
103 95 46 55 
103 95 46 55 
101 95 47 56 
99 94 47 56 
98 96 48 57 
98 94 48 57 
94 94 48 57 
94 94 48 57 
92 94 47 57 
91 94 48 57 
89 96 48 57 
88 95 48 57 
85 95 48 57 
84 94 48 57 
83 96 47 56 
82 96 47 57 
78 97 48 57 
78 96 48 57 
76 97 48 57 
76 97 48 57 
75 94 48 57 
74 94 47 56 
73 94 47 57 
73 94 47 57 
74 94 47 57 
75 94 47 57 
76 91 47 57 
78 91 47 56 
78 90 47 56 
81 88 46 56 
84 86 46 55 
84 86 46 55 
84 86 46 55 
86 83 47 56 
87 80 46 55 
87 79 47 56 
89 79 47 56 
90 76 47 56 
90 74 47 56 
90 74 47 56 
93 72 46 56 
93 72 47 56 
96 71 47 56 
96 69 47 57 
99 67 47 56 
102 65 47 56 
103 65 47 56 
106 65 47 56 
107 65 46 55 
110 65 46 55 
112 66 46 55 
114 68 47 56 
116 68 46 56 
117 68 47 56 
119 69 47 56 
120 72 47 56 
123 73 47 56 
124 76 47 57 
125 78 47 57 
125 78 47 57 
126 81 47 57 
126 83 47 57 
126 86 47 56 
127 88 47 56 
128 90 47 56 
128 94 47 56 
128 95 47 56 
129 97 47 56 
129 100 46 55 
129 101 46 56 
130 104 47 57 
129 106 47 56 
131 108 47 56 
131 111 47 56 
130 115 47 56 
132 118 47 56 
131 120 47 56 
132 123 46 55 
131 125 46 55 
131 128 46 55 
130 129 46 55 
130 133 46 55 
130 135 46 55 
130 137 46 55 
130 140 46 55 
128 141 46 55 
127 144 46 55 
127 147 46 55 
126 149 46 55 
127 152 46 55 
128 155 46 55 
127 159 46 55 
127 161 46 55 
127 161 46 55 
126 164 46 55 
126 167 46 55 
126 170 46 55 
126 173 46 55 
125 174 46 55 
124 175 46 55 
124 177 47 56 
123 177 46 55 
122 178 46 55 
121 180 46 56 
121 181 46 56 
120 183 47 56 
119 184 47 56 
118 186 46 55 
118 188 46 55 
118 188 46 55 
115 188 47 56 
116 188 47 56 
116 189 46 56 
114 189 46 55 
115 190 46 55 
111 191 45 54 
110 192 45 54 
109 192 45 54 
108 191 45 54 
109 190 45 54 
109 187 45 54 
109 183 45 54 
108 181 45 54 
108 177 45 53 
108 173 45 53 
108 169 44 53 
109 165 44 53 
109 160 44 53 
106 154 44 53 
109 151 44 53 
109 148 44 53 
110 145 44 53 
110 143 44 53 
112 138 44 53 
112 135 44 52 
114 131 44 53 
115 130 44 53 
117 129 44 53 
118 127 45 54 
120 127 45 53 
122 124 45 53 
122 123 45 53 
125 119 44 53 
125 121 44 53 
127 121 44 53 
131 122 44 53 
132 121 44 53 
134 123 44 52 
136 122 43 52 
136 122 43 52 
136 122 43 52 
138 121 44 52 
139 120 43 52 
141 121 43 52 
143 120 43 52 
144 120 43 52 
147 120 44 52 
148 120 44 52 
150 118 44 53 
153 118 44 52 
155 119 44 52 
157 118 44 52 
159 117 44 52 
162 115 43 52 
165 118 44 53 
167 116 44 53 
170 119 43 52 
172 119 43 52 
175 121 43 52 
177 121 43 52 
180 120 43 52 
181 122 43 51 
183 122 43 51 
184 126 43 51 
186 128 43 51 
186 130 43 52 
188 133 43 51 
188 136 43 51 
188 140 42 51 
190 140 43 51 
189 142 43 51 
193 143 43 51 
196 142 43 51 
196 142 43 51 
199 140 43 51 
201 137 43 51 
203 133 42 51 
203 128 42 50 
205 124 42 50 
204 120 42 50 
206 116 42 51 
206 113 42 51 
209 110 42 51 
205 106 43 51 
206 104 43 51 
205 103 43 51 
204 100 43 51 
203 99 43 51 
202 94 43 51 
203 92 43 52 
202 90 43 51 
204 88 43 51 
204 84 43 52 
205 81 43 52 
205 78 43 52 
205 78 43 52 
204 77 43 52 
204 75 43 52 
202 74 43 52 
200 76 44 52 
198 78 43 52 
196 80 43 52 
194 82 44 53 
192 85 44 52 
190 88 44 53 
189 88 44 52 
186 86 44 52 
183 89 44 52 
181 91 43 52 
178 93 44 52 
175 94 43 52 
173 94 43 52 
171 94 43 52 
164 95 43 52 
164 95 43 52 
158 95 43 52 
156 96 43 52 
152 96 43 52 
148 98 43 52 
143 102 43 52 
139 104 43 51 
137 104 43 51 
135 106 43 51 
140 104 43 51 
145 102 43 51 
151 100 43 51 
154 98 43 52 
159 97 43 52 
165 98 43 51 
170 97 43 52 
172 97 43 52 
176 97 44 52 
182 96 43 51 
180 97 43 51 
180 96 42 51 
178 95 42 51 
176 94 43 51 
174 94 42 51 
171 97 43 51 
169 100 42 50 
166 104 42 50 
161 104 42 50 
156 106 42 50 
152 110 42 50 
146 112 41 50 
146 112 41 50 
139 114 41 49 
136 115 41 50 
135 116 42 50 
133 118 41 50 
130 122 42 50 
128 124 42 50 
128 129 41 50 
128 131 42 50 
129 135 42 50 
130 137 42 50 
130 140 42 50 
130 146 41 49 
130 151 41 49 
131 155 41 49 
132 156 41 49 
132 160 41 49 
133 161 41 49 
126 123 41 49 
129 118 41 49 
129 120 41 48 
128 119 40 48 
128 120 41 49 
128 120 41 49 
126 120 41 49 
129 119 41 49 
124 120 41 49 
123 121 41 49 
155 113 41 49 
162 111 41 49 
161 110 41 49 
163 109 41 49 
165 109 42 50 
164 110 42 50 
164 108 42 50 
164 110 42 50 
162 110 42 50 
163 111 42 50 
162 111 42 50 
165 110 42 50 
165 110 42 50 
164 111 42 50 
162 110 42 50 
165 110 42 50 
163 111 42 50 
164 111 42 50 
163 110 42 50 
164 110 42 50 
165 110 42 50 
165 108 42 51 
162 110 42 51 
160 112 42 50 
166 107 42 50 
157 110 42 50 
161 108 42 51 
164 107 42 50 
161 107 42 50 
163 106 42 51 
165 105 42 50 
165 104 42 51 
164 106 42 50 
161 109 42 50 
164 106 42 51 
161 104 42 50 
150 110 42 51 
157 109 42 50 
166 108 42 50 
167 104 42 50 
167 105 42 50 
132 109 42 50 
143 106 42 50 
113 105 42 50 
91 92 41 49 
80 89 41 49 
94 93 41 50 
92 100 42 50 
100 102 41 50 
106 108 42 50 
98 106 42 50 
105 111 42 50 
93 108 42 51 
103 111 42 51 
105 108 42 50 
107 111 42 50 
105 114 42 50 
105 116 42 50 
109 118 42 50 
107 117 42 50 
108 119 42 50 
113 116 41 49 
114 112 42 50 
115 106 41 50 
118 104 41 50 
117 99 42 50 
116 99 42 50 
123 97 41 50 
120 94 41 49 
114 95 41 50 
118 93 42 50 
121 90 42 50 
126 87 42 50 
127 85 42 50 
127 83 42 50 
127 84 42 50 
127 83 41 50 
127 84 41 49 
127 84 41 49 
126 81 42 50 
124 82 42 50 
123 80 42 50 
123 80 42 50 
122 79 42 50 
122 77 43 51 
121 77 43 51 
118 72 43 51 
117 73 43 51 
148 96 43 52 
145 92 43 52 
145 94 44 52 
158 95 44 52 
147 91 43 51 
140 94 43 52 
117 95 43 52 
100 74 43 52 
101 68 43 52 
99 72 43 52 
95 70 43 51 
93 68 43 51 
88 65 44 52 
89 63 43 52 
85 65 43 52 
84 58 43 51 
91 58 43 51 
83 57 43 52 
80 56 44 52 
80 57 44 52 
78 57 44 52 
78 56 44 53 
80 57 44 53 
76 55 44 53 
77 60 44 52 
81 62 44 53 
82 62 44 53 
79 69 44 53 
84 69 44 53 
91 72 44 53 
87 75 44 53 
91 78 44 53 
94 75 45 54 
94 81 45 53 
97 82 45 54 
97 82 45 54 
101 85 45 54 
102 81 45 53 
104 80 44 53 
108 85 45 53 
111 81 45 53 
114 79 45 54 
119 79 45 54 
125 90 45 54 
126 84 46 54 
126 80 46 55 
130 77 46 55 
135 71 45 54 
135 68 45 54 
141 64 46 55 
139 63 46 55 
141 65 45 54 
143 64 45 54 
150 63 45 54 
153 63 45 54 
158 65 45 54 
161 64 45 54 
163 63 45 54 
159 63 46 54 
155 73 45 54 
165 78 46 54 
157 75 45 54 
151 74 45 54 
151 74 45 54 
153 74 46 54 
156 73 45 54 
159 73 45 54 
160 74 46 54 
161 73 46 55 
165 73 45 54 
176 74 45 54 
184 65 45 54 
182 66 45 53 
184 67 44 53 
185 68 44 53 
185 69 44 53 
186 71 44 52 
189 73 44 52 
189 76 45 53 
192 77 44 53 
192 78 44 53 
191 81 44 52 
193 84 44 52 
194 85 44 53 
194 87 44 52 
195 88 44 52 
196 88 44 53 
196 91 44 52 
194 89 44 52 
194 91 44 52 
192 93 43 52 
191 93 43 52 
189 91 43 52 
186 89 43 51 
186 90 43 52 
186 88 43 51 
185 87 43 52 
184 86 43 52 
183 85 43 51 
183 85 43 51 
180 85 43 51 
176 87 43 51 
173 90 42 51 
171 89 43 51 
167 90 43 51 
163 89 43 51 
157 92 43 51 
152 96 43 51 
146 93 43 51 
142 93 43 51 
138 96 42 51 
135 96 43 51 
129 98 42 51 
129 96 42 50 
126 98 42 50 
121 98 42 50 
119 101 42 50 
115 102 42 50 
105 104 42 50 
103 106 42 50 
103 108 42 50 
107 106 41 49 
98 106 41 49 
100 107 41 49 
101 107 41 49 
104 108 41 49 
105 110 40 48 
105 112 40 48 
111 117 40 48 
107 121 40 48 
109 126 40 48 
112 132 40 47 
113 137 40 47 
114 139 40 48 
114 143 40 48 
114 146 40 47 
113 150 39 47 
114 154 40 47 
115 156 39 47 
116 159 40 48 
114 162 40 47 
113 163 40 48 
115 164 40 48 
116 163 40 48 
115 160 40 48 
115 157 39 47 
115 152 40 48 
115 146 40 48 
113 140 40 48 
112 132 40 48 
112 126 40 48 
113 121 41 49 
112 115 41 49 
110 111 41 49 
110 108 41 49 
110 104 41 49 
110 98 41 49 
112 96 41 49 
113 94 41 49 
117 93 41 49 
119 91 41 49 
123 89 40 48 
133 93 40 48 
139 94 40 47 
141 94 40 47 
142 93 39 47 
144 96 39 46 
146 93 39 46 
150 96 39 47 
151 97 39 47 
154 98 40 48 
156 98 40 48 
157 98 40 47 
157 99 40 47 
156 96 39 47 
156 96 39 47 
153 96 40 48 
149 97 40 48 
147 97 40 48 
143 96 40 48 
140 96 39 47 
136 97 39 47 
133 96 40 47 
128 97 39 47 
124 97 39 47 
120 97 39 47 
120 100 40 47 
117 101 40 48 
111 102 40 48 
109 103 40 48 
106 105 40 48 
104 106 40 48 
103 108 40 48 
102 108 39 47 
102 111 39 47 
100 113 40 47 
97 116 40 47 
100 119 40 47 
101 122 39 47 
100 129 39 47 
100 132 39 47 
101 136 39 47 
102 140 40 48 
102 143 40 47 
102 147 40 48 
100 149 41 48 
101 149 40 48 
105 149 40 48 
107 153 40 48 
108 152 40 48 
118 126 40 48 
114 125 40 48 
115 127 40 48 
116 127 40 48 
125 151 40 47 
131 149 39 47 
128 148 39 47 
130 140 39 46 
137 135 38 46 
138 131 38 45 
137 127 38 45 
138 124 37 45 
135 119 37 45 
134 117 37 44 
132 116 37 45 
130 112 37 45 
129 111 38 45 
125 107 38 45 
125 107 38 45 
120 106 38 46 
117 104 38 45 
115 103 38 45 
112 103 38 45 
109 101 38 45 
108 99 37 45 
107 94 37 45 
107 91 37 45 
107 91 37 44 
108 86 37 44 
111 83 37 44 
114 83 36 44 
115 84 37 44 
118 85 37 44 
120 86 36 43 
125 85 37 44 
131 84 36 43 
133 84 37 44 
135 84 37 44 
136 82 37 44 
136 84 37 44 
141 83 37 44 
143 82 37 44 
147 80 37 45 
151 80 37 45 
131 107 38 45 
131 107 38 45 
133 108 38 45 
134 108 38 45 
133 108 38 45 
135 110 38 45 
137 107 37 45 
137 106 38 45 
137 98 38 45 
138 96 38 45 
138 97 38 45 
148 93 38 45 
148 95 38 45 
148 95 38 45 
145 100 37 44 
141 105 37 44 
112 114 36 43 
144 106 36 44 
144 101 36 43 
143 104 37 44 
154 95 36 43 
156 94 36 43 
154 97 36 43 
155 100 36 43 
179 88 36 43 
176 95 36 44 
166 102 37 44 
151 117 37 44 
156 118 37 44 
154 120 37 44 
180 111 37 44 
177 113 36 43 
176 110 36 43 
173 115 36 43 
173 118 36 43 
171 91 35 42 
171 93 35 42 
171 93 35 42 
171 93 35 42 
147 107 35 42 
151 102 35 42 
152 104 35 42 
154 129 35 42 
151 126 35 42 
160 116 35 41 
168 110 35 41 
168 108 35 41 
169 100 35 42 
168 102 34 41 
167 96 35 42 
156 97 35 42 
155 93 35 42 
152 94 35 42 
127 107 35 42 
125 104 35 42 
125 102 35 42 
129 103 36 43 
118 102 35 42 
110 95 35 42 
108 95 35 42 
104 94 35 42 
106 96 35 42 
99 97 35 42 
131 96 36 43 
128 99 36 43 
126 97 36 43 
126 98 36 43 
122 99 35 42 
119 97 35 42 
114 101 35 41 
111 98 35 41 
106 95 34 41 
103 96 34 41 
104 95 34 41 
103 96 34 41 
103 101 34 41 
102 102 34 41 
98 102 34 40 
97 103 34 40 
98 102 34 40 
99 101 33 40 
102 102 34 40 
105 101 34 40 
77 100 33 40 
78 101 34 40 
80 102 34 40 
85 103 34 40 
93 107 34 40 
94 107 34 40 
97 105 34 41 
107 112 34 41 
109 115 34 41 
108 108 35 42 
112 108 35 42 
115 111 35 42 
124 118 35 42 
99 119 35 42 
126 108 35 42 
160 97 35 42 
155 102 35 42 
162 102 35 42 
168 102 34 41 
172 102 34 41 
175 102 34 41 
176 100 33 40 
183 105 33 40 
184 104 33 40 
183 108 33 40 
184 111 33 39 
188 113 32 39 
188 117 32 39 
189 124 32 38 
210 120 33 39 
210 123 33 40 
193 131 33 40 
188 140 33 40 
193 142 33 40 
191 146 33 39 
191 146 33 39 
193 154 33 39 
216 172 33 39 
216 175 33 39 
216 178 33 39 
216 181 33 39 
215 185 33 39 
213 168 32 39 
207 178 32 39 
217 167 32 39 
216 173 32 39 
220 166 32 39 
216 171 33 39 
223 168 33 39 
225 171 32 39 
226 169 32 39 
217 183 33 39 
216 183 33 39 
217 184 33 39 
217 181 32 39 
216 180 32 39 
216 172 32 39 
215 169 32 39 
216 170 33 39 
215 169 33 39 
214 167 33 39 
216 168 33 40 
212 165 33 39 
215 162 33 39 
212 162 33 39 
212 158 33 39 
212 155 33 39 
212 158 33 39 
214 159 32 39 
212 159 33 39 
212 161 33 39 
185 186 33 39 
188 186 33 40 
192 134 33 39 
168 107 33 40 
166 113 33 39 
160 115 33 39 
156 116 32 39 
156 118 33 39 
158 119 33 39 
142 126 32 39 
136 131 32 39 
158 112 32 38 
158 114 32 38 
156 111 32 38 
154 113 32 39 
157 110 32 39 
150 112 33 39 
148 112 32 39 
145 112 32 38 
143 111 32 38 
151 110 32 38 
157 110 32 38 
157 110 32 38 
158 106 32 39 
158 109 32 39 
141 101 32 38 
119 98 32 38 
119 99 32 38 
122 99 31 38 
121 99 31 37 
121 99 31 37 
120 98 31 37 
119 97 31 37 
118 97 31 37 
118 97 31 37 
117 95 31 37 
117 94 30 36 
117 94 30 36 
119 93 31 37 
117 92 30 36 
119 91 30 36 
118 90 30 36 
118 90 29 35 
120 89 29 35 
119 88 29 35 
118 89 29 34 
120 88 28 34 
120 88 28 34 
119 87 29 34 
140 103 29 34 
140 103 29 34 
141 103 28 34 
143 104 28 33 
142 103 28 33 
140 101 28 33 
119 96 28 33 
124 92 27 33 
124 92 27 33 
127 87 27 32 
131 85 27 32 
131 82 26 32 
131 78 27 32 
132 74 26 31 
133 71 27 32 
135 69 27 32 
136 69 27 32 
136 67 27 33 
138 66 28 33 
140 66 28 33 
140 66 28 33 
143 65 28 33 
143 65 28 33 
146 65 28 33 
148 65 28 33 
150 66 28 34 
152 66 28 33 
156 66 27 33 
158 66 28 33 
158 65 28 33 
163 66 28 33 
164 67 27 33 
166 67 27 32 
168 70 27 33 
169 70 27 32 
172 77 27 32 
170 77 27 32 
173 70 27 32 
172 71 27 32 
169 76 26 31 
165 70 26 31 
167 71 26 31 
163 80 26 31 
161 75 26 31 
158 73 26 31 
155 73 26 31 
155 74 26 31 
151 73 26 31 
149 74 26 31 
145 76 25 30 
141 77 25 30 
136 79 25 30 
130 84 25 30 
126 85 25 30 
124 88 25 30 
121 90 25 30 
114 93 25 30 
116 94 25 30 
114 96 25 30 
111 97 25 30 
111 99 25 30 
107 101 25 30 
107 104 25 30 
105 106 25 30 
107 109 25 30 
104 110 25 30 
103 113 25 30 
105 114 25 30 
105 116 25 30 
107 117 25 30 
110 118 25 29 
110 117 24 29 
110 117 24 29 
112 118 25 29 
112 118 25 30 
114 118 25 30 
116 119 25 30 
116 119 25 30 
118 117 25 29 
118 117 24 29 
118 116 24 29 
119 115 25 29 
121 114 24 29 
121 113 24 28 
122 112 23 28 
122 109 23 28 
123 106 23 28 
123 106 23 28 
122 103 23 28 
124 101 23 28 
122 98 23 28 
124 96 23 28 
127 94 23 28 
127 95 23 27 
132 96 23 27 
134 97 23 27 
137 98 23 27 
138 100 23 27 
141 100 23 28 
141 101 23 28 
143 102 23 27 
143 102 23 27 
144 103 23 27 
145 102 23 27 
144 101 23 27 
144 101 23 27 
147 104 23 27 
148 104 23 28 
151 109 23 27 
156 110 23 27 
165 112 22 27 
173 114 22 27 
180 116 22 27 
191 117 22 27 
199 119 23 27 
206 120 23 28 
189 133 23 28 
195 136 23 28 
200 136 24 28 
203 137 23 28 
209 137 23 28 
212 137 23 28 
202 152 23 28 
205 151 23 27 
205 152 23 27 
207 152 22 27 
202 153 22 27 
205 153 22 27 
198 153 22 26 
200 153 22 26 
202 153 22 26 
198 154 21 26 
201 152 21 25 
200 152 21 25 
200 153 21 25 
200 153 21 25 
200 152 21 25 
197 154 21 25 
199 153 21 25 
197 155 22 26 
199 150 21 25 
195 156 21 25 
198 156 21 26 
197 156 21 25 
197 156 21 25 
196 156 21 25 
198 156 20 24 
197 152 20 25 
198 155 20 24 
196 155 21 25 
196 157 21 25 
198 155 21 25 
195 155 21 25 
198 156 21 25 
199 151 21 25 
195 156 20 24 
198 151 20 24 
199 155 20 24 
206 145 20 25 
200 154 21 25 
197 156 21 25 
197 157 20 24 
197 157 20 24 
197 157 20 24 
198 155 20 24 
199 151 20 24 
206 144 20 24 
198 156 20 24 
198 156 20 24 
198 157 20 24 
197 157 20 24 
207 144 20 24 
206 146 20 24 
207 145 20 24 
199 151 20 24 
196 158 20 24 
198 154 21 25 
208 146 21 25 
200 153 21 25 
208 146 21 25 
