215 254 34 81 
212 255 34 81 
211 256 34 81 
208 256 34 81 
207 261 34 82 
203 263 34 81 
202 264 34 81 
199 265 33 80 
199 265 33 80 
200 268 33 79 
203 267 34 80 
205 272 34 80 
207 273 34 80 
213 264 34 80 
216 263 34 80 
225 264 34 80 
233 251 34 80 
221 254 33 79 
219 255 33 79 
219 254 33 79 
222 256 33 78 
227 260 33 79 
229 262 33 79 
232 264 33 79 
236 265 33 78 
238 267 33 79 
242 272 33 79 
244 275 33 80 
250 273 33 80 
255 272 33 80 
260 271 34 81 
264 270 34 80 
267 268 34 80 
272 267 33 79 
275 269 33 79 
280 267 33 79 
284 266 33 79 
287 267 33 79 
291 269 33 78 
294 271 33 78 
300 277 33 78 
300 278 33 78 
304 277 33 78 
303 276 33 78 
305 275 33 79 
305 275 33 79 
303 273 33 80 
303 272 33 80 
303 273 33 79 
301 270 33 79 
300 270 33 79 
298 267 33 78 
298 272 33 78 
296 266 32 77 
294 271 33 78 
292 271 33 78 
291 272 32 77 
287 272 33 78 
287 274 33 78 
282 276 33 78 
284 284 32 77 
275 286 33 78 
291 283 32 77 
289 283 32 76 
277 276 32 76 
265 280 32 77 
261 280 33 78 
258 289 32 77 
253 285 33 78 
247 289 33 79 
250 291 34 81 
245 284 34 81 
236 282 34 80 
228 278 34 81 
220 274 34 81 
212 273 34 81 
203 275 34 80 
201 275 34 80 
194 276 34 82 
187 277 34 82 
183 276 34 81 
172 280 34 82 
165 277 34 82 
161 265 35 82 
158 271 34 82 
157 265 34 81 
147 265 34 81 
144 274 33 80 
144 274 33 80 
142 286 34 80 
137 280 33 80 
137 280 33 80 
142 273 34 81 
133 266 34 81 
136 262 34 80 
129 252 34 81 
126 259 34 80 
128 263 34 80 
128 262 33 79 
133 262 33 79 
133 262 33 79 
138 260 33 78 
134 263 33 78 
132 258 32 77 
138 244 32 77 
138 244 32 77 
136 249 32 77 
136 219 32 76 
140 225 32 76 
143 226 32 77 
147 224 32 76 
158 256 32 76 
161 247 32 76 
166 245 32 76 
165 234 32 77 
171 239 32 77 
176 237 32 77 
180 235 32 76 
184 236 32 77 
188 236 32 76 
192 239 32 76 
196 237 32 76 
200 237 32 77 
203 234 32 77 
203 240 32 76 
207 237 32 75 
210 229 31 74 
211 225 30 73 
214 223 30 73 
216 229 31 73 
220 230 31 74 
220 226 31 75 
224 229 31 73 
227 226 31 74 
231 224 31 75 
231 221 31 75 
232 217 32 75 
231 216 31 75 
233 215 31 75 
232 215 31 74 
233 215 31 74 
233 217 31 75 
232 216 31 74 
236 213 31 73 
239 212 31 73 
239 209 31 73 
241 207 30 72 
242 206 30 72 
245 206 31 73 
248 207 31 73 
250 210 30 73 
252 211 31 73 
252 212 30 72 
254 212 30 72 
258 211 30 72 
258 209 30 72 
263 207 30 71 
263 206 30 71 
267 205 30 72 
267 205 30 72 
267 205 30 72 
269 207 30 72 
272 206 30 72 
273 202 31 73 
274 199 31 73 
278 199 30 72 
281 196 30 72 
281 197 30 72 
286 200 30 71 
288 201 30 71 
287 203 29 70 
290 205 29 70 
294 205 29 70 
294 205 29 70 
298 204 30 71 
297 202 30 71 
297 202 30 71 
296 199 30 71 
296 199 30 71 
296 200 30 72 
292 201 30 72 
292 201 30 72 
293 200 30 72 
294 197 30 71 
293 195 30 72 
295 195 30 71 
293 193 30 71 
294 194 29 70 
294 194 29 70 
296 196 30 70 
293 197 30 70 
292 199 29 70 
295 203 30 70 
297 196 30 71 
300 201 30 71 
299 199 30 71 
299 200 29 70 
295 188 29 70 
298 190 29 70 
299 196 29 70 
294 200 30 71 
298 205 30 72 
297 202 30 72 
296 202 30 72 
296 205 31 73 
300 206 31 73 
300 206 31 74 
298 205 31 75 
296 208 32 75 
300 209 32 75 
299 210 32 75 
300 214 32 76 
299 211 33 78 
299 213 33 78 
298 212 33 78 
297 212 33 79 
298 210 33 79 
299 210 33 78 
294 212 33 78 
296 214 33 78 
292 214 33 78 
291 218 33 78 
294 220 32 76 
285 224 32 77 
286 235 32 76 
293 232 32 76 
292 232 32 75 
291 232 31 75 
286 226 31 74 
284 226 31 73 
283 222 31 73 
278 224 30 72 
276 225 31 73 
276 218 31 74 
272 228 31 74 
272 235 31 74 
269 230 31 73 
266 227 31 73 
266 234 30 72 
268 236 30 72 
265 235 30 72 
267 240 30 72 
265 241 30 73 
254 233 30 72 
252 228 30 71 
250 228 30 72 
248 227 30 71 
246 226 30 71 
245 224 30 71 
242 225 30 71 
241 226 30 71 
236 228 30 71 
232 221 30 72 
231 224 30 72 
228 226 30 71 
230 226 30 70 
224 229 30 71 
226 233 30 71 
224 233 30 72 
223 232 30 71 
219 232 30 71 
216 232 30 71 
214 232 30 71 
214 233 29 70 
213 232 30 71 
211 232 30 71 
211 229 30 71 
210 229 30 72 
209 226 30 72 
208 225 30 72 
208 229 30 72 
208 223 30 72 
208 232 30 72 
205 238 30 72 
203 236 30 72 
203 236 30 72 
204 236 30 72 
202 237 30 72 
204 231 30 71 
204 231 30 71 
202 232 30 73 
202 230 31 73 
201 230 30 72 
200 231 30 72 
200 231 30 72 
202 234 30 73 
200 236 31 74 
202 232 31 73 
202 232 31 73 
206 228 31 74 
205 225 31 74 
205 226 31 74 
204 223 31 74 
204 225 31 74 
204 227 30 73 
203 229 31 73 
202 232 31 74 
200 234 31 74 
201 235 31 74 
200 236 31 74 
196 236 31 74 
197 238 32 75 
193 240 31 74 
192 242 31 74 
189 243 32 75 
187 244 32 76 
184 246 32 77 
183 246 32 77 
181 247 32 76 
179 246 32 77 
179 246 32 77 
174 254 33 77 
175 250 33 78 
171 249 33 78 
168 256 33 78 
169 256 33 78 
168 253 33 77 
165 259 32 77 
162 262 32 77 
165 261 33 78 
162 269 33 78 
152 259 32 76 
151 257 33 78 
148 261 32 77 
147 268 32 77 
148 262 32 76 
145 264 32 76 
144 258 32 77 
144 263 32 76 
144 263 32 76 
150 263 32 75 
152 267 32 75 
150 250 31 74 
148 259 31 75 
147 260 31 74 
147 260 31 74 
150 260 31 75 
152 260 31 74 
153 260 31 74 
154 260 31 74 
157 252 31 74 
157 258 31 74 
158 259 31 74 
155 266 31 75 
155 264 31 74 
155 267 31 73 
156 261 31 73 
159 268 30 72 
155 263 31 73 
157 268 31 73 
157 266 31 73 
162 263 30 72 
156 260 30 72 
154 262 30 72 
154 271 30 72 
159 272 30 71 
159 280 30 72 
161 281 31 73 
158 269 31 73 
158 264 31 73 
153 267 30 73 
154 270 30 72 
152 277 30 72 
156 283 30 72 
159 283 30 72 
153 269 29 70 
153 274 30 70 
151 281 29 70 
156 282 29 69 
159 284 29 69 
156 284 29 70 
159 286 29 69 
160 287 29 70 
157 284 29 70 
157 285 30 70 
160 287 29 70 
160 289 29 69 
157 286 29 70 
159 286 29 69 
160 286 29 69 
162 288 29 70 
160 287 29 69 
159 286 28 68 
163 288 28 67 
162 287 27 66 
165 290 27 65 
161 287 27 65 
162 289 27 64 
162 289 27 64 
162 290 27 64 
163 293 27 64 
164 292 27 65 
167 294 27 64 
163 291 27 64 
167 296 27 63 
167 291 26 63 
168 289 26 62 
172 297 26 62 
171 296 25 60 
178 289 26 61 
167 282 26 61 
168 282 26 62 
164 290 26 61 
171 265 25 60 
171 266 25 60 
168 288 25 60 
168 288 25 60 
168 287 25 60 
167 287 25 59 
167 288 25 59 
167 288 25 60 
170 288 25 61 
169 289 25 60 
171 290 25 60 
175 287 25 59 
173 289 25 59 
176 288 25 59 
175 286 25 60 
175 286 25 59 
175 286 25 59 
179 288 24 58 
176 288 24 57 
178 288 24 57 
178 288 24 56 
180 288 24 56 
180 288 24 56 
180 287 24 56 
180 286 24 57 
183 287 24 57 
183 287 25 58 
184 287 24 58 
186 288 24 58 
188 286 24 57 
189 287 24 57 
195 287 24 58 
195 286 24 58 
197 292 24 58 
197 289 24 57 
200 289 24 57 
202 288 24 57 
204 288 24 57 
206 291 24 56 
207 287 24 57 
209 290 24 56 
212 290 24 56 
216 291 24 56 
218 288 24 56 
218 288 24 56 
219 286 23 56 
222 286 23 56 
224 284 23 56 
228 284 23 56 
231 283 23 56 
233 285 23 56 
236 285 23 56 
236 287 23 55 
241 284 23 56 
240 291 24 57 
247 287 23 56 
246 295 24 56 
255 294 23 55 
261 287 23 55 
264 290 23 56 
272 289 23 55 
277 288 23 55 
286 290 23 55 
291 290 23 55 
295 289 23 55 
301 291 23 55 
304 292 23 54 
311 289 23 55 
318 287 23 55 
327 286 24 56 
334 286 23 55 
340 287 24 56 
345 288 23 56 
348 288 23 55 
357 288 23 54 
364 284 23 55 
372 282 23 54 
376 286 22 53 
393 285 22 51 
397 285 22 53 
398 285 22 53 
412 289 22 52 
417 289 22 53 
429 287 22 53 
433 289 21 51 
429 287 21 50 
434 287 21 50 
449 289 21 50 
444 282 21 50 
434 268 21 50 
439 281 21 50 
435 273 21 50 
430 270 21 50 
424 266 21 50 
427 264 21 50 
425 264 21 49 
423 263 21 49 
418 261 21 49 
418 258 21 50 
409 254 21 50 
405 251 21 51 
400 248 21 51 
397 246 22 51 
395 245 21 51 
390 245 21 51 
386 245 21 50 
381 246 21 51 
384 247 21 51 
379 247 21 49 
380 245 20 49 
379 244 20 48 
374 244 20 49 
375 244 20 49 
373 242 20 48 
373 240 20 48 
372 239 20 48 
371 237 20 49 
367 236 21 49 
368 235 20 49 
368 234 21 49 
365 234 21 49 
365 234 21 49 
364 235 21 49 
363 234 21 49 
362 235 21 49 
362 238 21 49 
365 237 21 49 
358 236 21 50 
358 236 21 50 
357 235 21 50 
357 234 21 50 
354 233 21 50 
354 233 21 50 
354 232 21 50 
354 233 21 49 
351 231 20 48 
349 235 20 48 
348 232 20 47 
347 236 20 47 
346 235 20 47 
348 243 20 47 
353 218 20 47 
353 218 20 47 
355 219 19 46 
351 226 19 44 
349 231 19 44 
349 226 18 43 
347 224 18 43 
346 223 18 42 
345 217 18 42 
347 214 17 41 
347 214 17 41 
337 235 17 41 
329 227 17 40 
326 229 16 39 
331 236 16 38 
326 236 16 38 
327 240 15 36 
329 240 15 37 
324 241 15 36 
319 239 15 37 
318 242 16 37 
317 242 15 36 
311 239 15 35 
308 239 14 34 
306 239 14 34 
313 210 14 33 
314 213 14 32 
314 211 13 31 
314 211 13 31 
311 207 13 32 
311 203 13 32 
312 203 13 32 
312 205 14 32 
311 207 14 33 
312 209 14 33 
310 206 14 32 
309 208 13 32 
310 212 14 33 
308 207 14 34 
307 208 14 34 
308 210 14 34 
309 215 14 33 
307 213 15 35 
305 207 15 35 
308 210 15 36 
304 207 15 36 
303 201 15 36 
302 198 15 35 
304 197 15 35 
304 197 14 33 
306 196 14 33 
307 198 14 34 
307 199 14 34 
307 199 14 34 
309 198 14 34 
309 201 15 35 
311 200 14 34 
313 194 15 35 
316 196 15 35 
317 195 15 35 
327 200 14 34 
322 193 13 32 
327 193 13 32 
330 197 13 31 
331 196 13 32 
332 197 13 31 
337 201 13 30 
339 199 12 30 
341 196 13 31 
343 197 13 30 
345 194 13 30 
347 195 13 30 
347 191 13 30 
348 193 13 31 
348 192 13 31 
347 195 13 31 
346 191 13 31 
343 187 13 31 
342 186 13 31 
355 201 13 31 
348 197 13 30 
337 174 12 29 
338 173 12 29 
336 168 12 29 
349 197 12 30 
346 198 13 30 
345 199 12 30 
350 210 12 29 
349 212 12 28 
352 216 11 27 
345 222 11 27 
343 227 12 28 
351 217 12 28 
350 221 11 27 
345 222 12 28 
348 219 12 29 
353 218 12 28 
354 218 12 28 
341 227 12 28 
343 227 11 27 
343 227 11 27 
344 225 11 27 
346 226 11 27 
347 226 11 27 
354 228 12 28 
361 237 12 28 
346 215 12 28 
357 231 12 28 
357 231 12 28 
359 234 12 28 
358 237 12 27 
358 235 12 28 
356 252 12 28 
363 245 12 29 
357 260 12 29 
356 263 12 28 
356 267 12 28 
363 267 12 28 
363 277 12 28 
360 280 12 29 
366 272 12 28 
363 265 12 28 
372 277 12 27 
367 281 11 27 
361 276 11 27 
364 280 11 27 
364 281 11 26 
373 287 11 26 
365 284 11 26 
366 280 11 25 
361 283 11 26 
360 283 11 26 
363 283 11 26 
365 276 11 27 
365 275 11 27 
366 275 11 27 
366 276 11 27 
366 274 11 27 
368 280 11 26 
371 266 11 27 
369 266 11 26 
370 265 11 27 
370 265 11 27 
366 265 11 26 
366 265 11 25 
368 263 11 25 
368 262 11 26 
368 260 11 26 
368 260 11 26 
367 259 11 26 
368 257 10 24 
369 258 10 25 
359 257 10 25 
368 257 10 25 
362 260 10 25 
362 272 10 25 
355 272 10 25 
353 270 11 26 
352 270 10 25 
360 259 10 25 
367 257 10 25 
367 256 10 25 
362 231 11 25 
362 228 10 24 
366 257 10 24 
362 258 10 25 
363 260 10 25 
360 264 10 24 
360 266 10 24 
361 270 10 24 
357 271 10 25 
356 269 10 24 
353 267 10 24 
351 261 10 24 
342 265 10 25 
338 265 10 25 
341 254 11 25 
338 251 11 25 
340 222 11 26 
340 222 11 26 
330 242 11 26 
