187 145 91 40 
183 145 91 40 
179 146 92 40 
173 144 91 40 
169 146 92 41 
165 143 92 41 
159 143 93 41 
156 143 93 41 
150 142 93 41 
147 141 93 41 
140 141 93 41 
137 140 93 41 
132 138 93 41 
127 139 93 41 
122 138 93 41 
117 137 93 41 
113 136 93 41 
107 135 93 41 
102 137 93 41 
96 135 94 41 
91 134 94 41 
85 134 94 41 
80 134 94 41 
71 133 94 41 
66 134 94 41 
60 135 94 41 
57 136 94 41 
49 138 94 41 
47 138 94 41 
47 141 94 41 
47 143 94 41 
47 145 94 41 
47 147 94 41 
47 146 93 41 
51 147 93 41 
48 149 93 41 
47 149 93 41 
46 149 93 41 
46 153 93 41 
46 152 93 41 
46 152 93 41 
46 119 93 41 
46 116 93 41 
46 116 92 41 
46 115 92 41 
46 114 92 40 
46 115 91 40 
49 114 91 40 
46 138 91 40 
46 138 92 40 
46 139 92 40 
46 136 91 40 
46 135 91 40 
46 133 92 40 
46 131 92 41 
46 130 92 40 
46 128 92 40 
52 127 92 40 
57 126 92 40 
61 126 92 40 
68 124 92 40 
71 124 91 40 
78 123 91 40 
83 124 91 40 
87 123 91 40 
94 123 91 40 
96 124 92 40 
100 125 91 40 
100 127 91 40 
101 128 91 40 
103 128 91 40 
102 131 91 40 
102 132 91 40 
102 134 91 40 
103 135 91 40 
103 136 91 40 
104 137 90 40 
103 138 90 40 
105 140 91 40 
103 140 90 40 
105 141 90 40 
104 141 90 39 
104 142 90 39 
104 144 90 40 
104 145 90 40 
104 146 90 40 
102 146 90 40 
103 147 90 40 
103 147 90 40 
103 148 90 40 
102 150 90 40 
103 151 90 40 
103 151 90 40 
102 153 90 40 
101 152 90 39 
100 155 90 40 
102 154 90 40 
104 157 90 40 
104 157 90 40 
108 157 90 40 
109 159 90 39 
112 159 90 40 
114 161 91 40 
114 161 91 40 
117 163 91 40 
121 164 91 40 
124 164 91 40 
128 167 91 40 
131 166 92 40 
137 167 92 40 
140 168 91 40 
144 169 92 40 
149 170 92 40 
153 171 92 40 
158 172 92 40 
161 173 92 41 
164 174 92 40 
168 175 92 40 
173 176 93 41 
178 177 92 40 
182 178 92 40 
185 179 92 41 
191 179 93 41 
194 180 93 41 
198 181 93 41 
202 182 92 41 
206 182 93 41 
210 183 92 41 
214 183 93 41 
218 184 93 41 
222 184 93 41 
226 185 92 40 
228 187 92 40 
233 188 92 40 
237 187 92 40 
239 188 92 41 
245 189 92 41 
249 190 92 41 
248 191 92 41 
252 192 92 41 
249 194 92 41 
252 192 92 41 
254 194 92 40 
254 194 92 40 
256 195 92 41 
256 197 92 40 
258 196 92 40 
259 197 92 40 
258 199 92 40 
256 199 92 40 
255 200 92 40 
255 202 92 40 
254 203 92 40 
254 205 92 40 
251 206 91 40 
251 206 91 40 
250 208 92 40 
249 210 92 40 
249 212 91 40 
249 212 91 40 
246 213 91 40 
245 215 91 40 
244 215 91 40 
243 217 91 40 
241 216 91 40 
242 216 91 40 
240 217 91 40 
240 217 91 40 
237 217 91 40 
236 217 91 40 
238 215 91 40 
235 215 90 40 
234 214 90 39 
232 212 90 39 
232 212 90 40 
231 211 90 39 
229 209 90 39 
228 207 90 39 
226 206 89 39 
228 206 89 39 
226 203 89 39 
223 202 89 39 
223 202 89 39 
222 199 90 39 
221 199 89 39 
219 197 89 39 
218 197 89 39 
217 196 90 39 
215 194 90 39 
214 193 89 39 
213 192 89 39 
215 191 89 39 
213 190 88 39 
211 190 88 39 
209 188 88 39 
208 187 88 39 
207 186 88 39 
207 183 88 39 
205 183 88 39 
202 181 88 39 
198 182 87 38 
198 180 88 39 
199 179 88 39 
198 177 87 38 
193 176 87 38 
196 176 87 38 
195 173 87 38 
189 175 87 38 
188 173 88 39 
189 171 88 38 
186 171 87 38 
186 171 87 38 
183 170 87 38 
182 168 87 38 
182 170 88 39 
178 168 88 39 
176 166 89 39 
174 167 89 39 
172 166 89 39 
175 166 89 39 
172 165 89 39 
167 166 89 39 
168 165 89 39 
165 165 89 39 
166 163 89 39 
163 163 89 39 
162 163 90 39 
161 162 89 39 
161 161 90 39 
157 161 90 39 
157 162 90 39 
153 163 89 39 
152 161 89 39 
150 163 90 40 
147 161 90 40 
148 161 90 40 
142 162 91 40 
142 162 91 40 
139 162 90 40 
139 162 90 40 
140 162 90 40 
141 162 90 39 
144 161 90 39 
145 161 89 39 
149 159 89 39 
154 159 89 39 
156 158 89 39 
160 156 89 39 
163 157 89 39 
168 155 89 39 
172 154 89 39 
175 154 89 39 
179 151 89 39 
182 151 89 39 
186 150 89 39 
190 148 89 39 
190 149 89 39 
196 148 89 39 
198 148 90 39 
203 145 90 39 
205 147 90 39 
209 144 90 40 
213 144 90 40 
213 143 90 40 
219 142 90 40 
221 141 90 40 
222 141 91 40 
223 142 90 40 
224 141 90 40 
226 141 90 40 
226 142 90 40 
226 142 90 40 
227 143 90 40 
225 143 90 40 
223 144 90 40 
222 147 90 40 
219 147 90 39 
218 151 90 40 
215 151 90 39 
213 154 90 39 
208 155 90 39 
208 157 90 40 
204 159 90 40 
203 160 90 40 
197 164 90 40 
196 166 90 40 
192 167 90 39 
192 169 90 39 
188 168 90 39 
186 170 90 39 
185 169 90 40 
185 168 90 40 
181 166 90 39 
179 166 90 39 
176 165 90 39 
174 163 90 39 
173 162 90 40 
171 160 90 40 
168 158 90 40 
167 157 90 40 
163 156 90 40 
161 154 90 40 
161 154 90 40 
157 150 90 40 
158 150 90 40 
154 149 90 40 
153 149 90 40 
151 150 91 40 
152 150 90 40 
152 150 90 40 
154 150 91 40 
154 150 91 40 
155 151 91 40 
157 151 91 40 
157 151 91 40 
157 151 91 40 
162 151 91 40 
165 150 91 40 
169 150 91 40 
172 150 92 40 
174 150 92 40 
179 147 92 40 
181 148 92 40 
185 147 92 40 
188 144 92 40 
191 141 92 40 
195 139 92 40 
197 136 92 40 
198 135 91 40 
199 131 91 40 
201 130 92 40 
201 128 92 40 
204 127 92 40 
204 127 92 40 
204 127 92 40 
205 129 92 40 
205 129 92 40 
206 130 92 40 
207 131 92 40 
208 132 91 40 
207 132 91 40 
207 134 91 40 
207 134 91 40 
208 135 91 40 
208 135 91 40 
209 136 92 40 
210 138 92 40 
211 139 91 40 
211 139 91 40 
211 140 91 40 
212 141 91 40 
212 143 91 40 
214 143 91 40 
214 143 92 40 
214 143 91 40 
214 143 91 40 
213 144 92 40 
215 144 92 40 
215 144 92 40 
216 145 92 40 
217 145 92 40 
217 145 92 40 
218 145 92 40 
219 145 92 40 
219 145 92 40 
220 147 92 40 
219 147 92 40 
219 147 92 40 
220 148 92 41 
218 147 92 41 
216 148 93 41 
213 147 92 41 
211 148 93 41 
210 148 92 41 
206 149 92 41 
204 148 92 40 
201 149 92 41 
198 149 92 40 
199 148 92 40 
196 149 92 40 
194 148 92 40 
191 149 92 41 
189 148 93 41 
187 149 92 41 
187 149 92 41 
184 149 93 41 
181 149 93 41 
178 148 92 41 
175 149 92 41 
173 150 92 40 
172 149 92 41 
170 151 92 41 
167 149 92 41 
164 150 92 41 
160 151 92 41 
160 150 92 41 
157 151 92 40 
155 150 92 41 
154 151 92 41 
148 152 92 40 
147 151 92 40 
144 152 92 40 
139 152 92 40 
139 152 92 40 
136 153 92 40 
135 152 92 40 
131 153 92 40 
129 153 92 40 
126 154 92 40 
123 153 92 41 
121 154 92 40 
117 153 92 41 
117 153 92 41 
114 154 92 40 
111 153 93 41 
110 155 92 41 
104 154 92 40 
101 154 92 40 
101 154 92 40 
97 153 92 41 
96 154 93 41 
92 155 92 41 
89 154 93 41 
88 156 92 41 
85 153 93 41 
82 154 93 41 
82 153 93 41 
79 153 93 41 
77 153 93 41 
76 154 93 41 
73 153 93 41 
72 152 93 41 
70 152 93 41 
67 151 93 41 
66 151 93 41 
62 150 93 41 
60 148 93 41 
60 149 93 41 
56 147 93 41 
56 147 93 41 
56 145 93 41 
55 143 93 41 
55 143 93 41 
56 140 94 41 
58 139 94 41 
58 137 94 41 
59 136 93 41 
61 134 93 41 
62 133 93 41 
63 131 94 41 
64 129 93 41 
64 129 93 41 
64 128 93 41 
66 128 93 41 
64 129 93 41 
65 127 93 41 
66 128 93 41 
66 127 93 41 
68 128 93 41 
67 129 93 41 
68 129 93 41 
70 131 94 41 
68 131 94 41 
70 132 94 41 
71 134 94 41 
71 135 94 41 
73 137 94 41 
73 137 94 41 
75 139 94 41 
75 140 95 42 
76 141 95 42 
76 144 94 42 
76 144 94 42 
80 145 94 42 
80 145 94 42 
82 147 94 41 
82 148 95 42 
83 149 94 42 
84 151 94 41 
85 153 94 41 
86 154 94 41 
86 155 94 41 
86 156 94 41 
88 156 94 41 
89 158 93 41 
91 158 93 41 
94 159 93 41 
95 161 93 41 
96 162 93 41 
97 163 93 41 
99 165 94 41 
99 165 94 41 
101 166 94 41 
100 167 93 41 
103 168 93 41 
103 169 93 41 
105 169 93 41 
108 171 93 41 
106 173 93 41 
109 173 94 41 
108 175 94 41 
109 176 94 41 
111 176 94 41 
111 178 94 41 
111 178 94 41 
114 180 94 41 
115 181 94 41 
114 182 94 41 
119 183 93 41 
120 182 93 41 
122 183 93 41 
125 183 93 41 
125 186 93 41 
128 186 93 41 
130 186 93 41 
147 187 93 41 
156 189 93 41 
147 187 93 41 
135 170 93 41 
134 191 93 41 
111 215 93 41 
119 189 93 41 
124 192 93 41 
131 196 94 41 
137 192 94 41 
136 192 93 41 
142 192 93 41 
142 193 93 41 
141 192 93 41 
145 191 93 41 
145 191 93 41 
144 190 93 41 
145 187 93 41 
147 188 93 41 
148 187 93 41 
151 186 93 41 
147 183 93 41 
153 185 93 41 
155 183 93 41 
158 185 93 41 
161 185 93 41 
161 185 93 41 
170 183 93 41 
156 182 93 41 
162 180 93 41 
166 179 93 41 
168 178 93 41 
171 175 93 41 
177 174 93 41 
186 174 93 41 
173 171 93 41 
173 171 93 41 
176 171 92 41 
174 171 92 40 
180 169 92 40 
186 169 92 40 
183 168 92 40 
180 165 92 40 
175 164 92 40 
183 161 92 40 
169 165 92 40 
166 164 92 40 
165 166 92 40 
160 166 92 40 
153 166 92 41 
147 165 93 41 
148 164 93 41 
144 164 93 41 
139 163 93 41 
134 164 94 41 
132 164 93 41 
133 163 93 41 
132 162 94 41 
131 160 94 41 
129 160 93 41 
126 159 93 41 
126 159 93 41 
127 159 93 41 
123 157 93 41 
120 157 93 41 
118 156 93 41 
118 156 93 41 
117 154 92 41 
115 153 93 41 
115 153 93 41 
112 152 93 41 
110 152 93 41 
108 152 92 41 
108 152 92 41 
106 152 93 41 
105 151 93 41 
104 151 93 41 
104 150 92 41 
103 149 93 41 
103 149 93 41 
97 149 92 41 
98 149 92 41 
94 149 93 41 
95 148 93 41 
92 148 93 41 
90 148 93 41 
90 147 93 41 
87 147 93 41 
86 145 93 41 
83 146 93 41 
83 144 93 41 
83 144 93 41 
83 145 93 41 
86 143 93 41 
87 144 93 41 
93 144 93 41 
99 144 93 41 
100 143 93 41 
104 143 93 41 
109 142 93 41 
113 142 93 41 
116 141 93 41 
121 140 93 41 
123 140 93 41 
129 141 94 41 
132 141 94 41 
139 139 94 41 
141 139 94 41 
141 138 94 41 
145 137 93 41 
145 137 94 41 
147 136 93 41 
149 136 94 41 
153 135 93 41 
153 136 93 41 
157 136 93 41 
157 136 93 41 
159 136 93 41 
162 136 94 41 
164 135 94 41 
166 135 93 41 
169 136 94 41 
170 136 94 41 
174 135 94 41 
172 136 94 41 
177 135 94 41 
177 135 94 41 
179 135 94 41 
181 135 94 41 
183 136 94 41 
188 134 94 41 
189 134 94 41 
190 133 94 41 
190 133 94 41 
185 134 94 41 
182 134 94 41 
175 134 95 42 
168 132 95 42 
161 133 95 42 
155 131 95 42 
150 133 95 42 
144 131 95 42 
138 131 95 42 
134 131 95 42 
135 131 95 42 
137 130 95 42 
144 129 95 42 
160 128 95 42 
174 128 95 42 
188 126 95 42 
202 126 95 42 
219 125 95 42 
231 123 94 41 
234 124 94 41 
239 123 94 42 
246 123 95 42 
249 122 95 42 
252 121 95 42 
257 122 95 42 
256 121 95 42 
260 121 95 42 
272 99 95 42 
270 104 95 42 
267 98 95 42 
270 96 95 42 
273 98 95 42 
272 102 94 42 
273 97 94 41 
256 119 94 41 
253 122 94 41 
250 119 94 41 
250 119 94 41 
250 121 94 41 
252 120 93 41 
248 120 93 41 
248 120 93 41 
250 120 93 41 
247 120 93 41 
248 120 93 41 
247 120 93 41 
246 121 94 41 
246 119 94 41 
246 119 94 41 
246 119 94 41 
247 119 94 41 
244 120 94 41 
244 119 94 41 
245 119 94 41 
242 119 94 41 
243 118 95 42 
241 119 95 42 
240 118 94 42 
242 118 94 42 
240 118 94 41 
242 118 94 41 
241 118 94 42 
241 118 94 42 
237 117 94 42 
234 118 95 42 
232 117 95 42 
229 119 95 42 
226 119 94 42 
223 119 94 41 
219 119 93 41 
215 121 93 41 
213 121 93 41 
213 121 93 41 
205 122 94 41 
200 122 94 41 
193 122 93 41 
186 125 93 41 
181 124 93 41 
173 126 93 41 
165 127 93 41 
161 127 93 41 
153 130 93 41 
146 130 94 41 
140 130 94 41 
130 133 93 41 
127 131 93 41 
120 133 93 41 
119 134 93 41 
119 135 93 41 
119 135 93 41 
120 136 93 41 
124 135 93 41 
123 136 94 41 
128 135 94 41 
128 135 94 41 
128 135 94 41 
131 135 94 41 
131 136 94 41 
133 135 94 41 
136 134 94 41 
136 135 94 41 
139 136 94 41 
140 136 94 41 
142 138 94 41 
145 137 94 41 
146 139 94 41 
146 139 94 41 
149 140 94 41 
149 141 93 41 
153 140 93 41 
155 142 93 41 
157 142 93 41 
160 142 93 41 
161 143 93 41 
163 143 93 41 
166 144 93 41 
168 143 93 41 
170 144 93 41 
173 142 93 41 
177 144 93 41 
177 144 93 41 
180 143 93 41 
184 144 93 41 
184 143 93 41 
186 143 93 41 
190 144 93 41 
192 143 93 41 
194 141 93 41 
193 140 92 40 
192 118 92 40 
194 116 92 41 
201 114 93 41 
208 116 93 41 
214 107 93 41 
221 109 93 41 
223 108 93 41 
230 111 93 41 
234 110 93 41 
242 109 93 41 
247 108 92 41 
250 106 92 41 
259 100 93 41 
266 99 92 41 
269 96 93 41 
273 92 92 40 
274 109 92 41 
274 112 92 41 
251 101 92 41 
251 105 92 40 
256 104 92 40 
273 123 92 40 
272 101 92 40 
274 99 92 40 
274 90 92 40 
274 88 91 40 
263 105 91 40 
273 144 91 40 
256 129 91 40 
243 96 91 40 
244 98 91 40 
231 95 92 40 
217 90 92 40 
198 116 92 40 
184 115 92 40 
185 115 92 41 
185 115 92 41 
162 92 92 40 
141 71 92 40 
123 76 92 40 
147 71 92 40 
156 70 92 40 
161 69 92 40 
159 68 91 40 
158 110 91 40 
157 110 91 40 
154 115 91 40 
122 131 91 40 
92 137 91 40 
87 135 91 40 
87 135 91 40 
87 135 91 40 
89 136 91 40 
86 136 91 40 
88 136 91 40 
88 136 91 40 
89 136 91 40 
87 135 92 40 
86 135 91 40 
86 135 91 40 
87 135 92 40 
84 136 92 40 
86 134 92 40 
84 136 92 40 
85 136 92 40 
86 136 92 40 
86 136 92 40 
84 135 92 40 
85 136 92 40 
85 135 92 40 
85 135 92 40 
84 136 92 40 
84 135 92 40 
85 134 92 40 
83 135 92 40 
85 135 92 40 
82 135 92 40 
85 134 92 40 
82 136 92 41 
83 135 92 41 
83 135 92 41 
80 135 93 41 
83 134 92 41 
79 133 93 41 
81 135 92 41 
80 135 92 41 
78 135 92 41 
78 135 92 41 
75 137 93 41 
75 135 92 41 
74 136 92 40 
74 136 91 40 
74 136 91 40 
72 138 91 40 
73 137 91 40 
73 137 91 40 
68 138 91 40 
72 137 91 40 
73 139 91 40 
75 137 91 40 
76 137 91 40 
78 138 92 40 
80 139 92 40 
81 139 92 40 
84 138 92 40 
85 138 92 40 
88 138 92 41 
90 138 92 41 
90 138 92 41 
94 137 93 41 
94 139 92 41 
97 137 92 40 
98 139 92 40 
99 138 92 40 
100 138 91 40 
101 138 91 40 
104 138 92 40 
106 139 92 40 
106 139 92 40 
107 139 92 40 
109 140 92 40 
112 138 92 40 
114 139 92 40 
114 139 92 40 
117 139 92 40 
117 139 92 40 
121 139 91 40 
120 140 91 40 
123 139 92 40 
122 141 91 40 
124 140 92 40 
127 141 92 40 
126 141 92 40 
128 141 92 40 
128 141 92 40 
130 141 92 40 
132 142 91 40 
132 142 91 40 
134 141 91 40 
134 143 91 40 
135 142 91 40 
139 142 91 40 
138 143 91 40 
142 144 91 40 
144 143 92 40 
144 143 92 40 
144 144 91 40 
148 144 92 40 
148 145 92 40 
150 145 92 40 
151 144 92 40 
153 146 92 40 
155 145 92 40 
155 146 91 40 
158 146 91 40 
160 148 91 40 
158 148 91 40 
161 147 91 40 
161 149 91 40 
163 149 91 40 
165 148 91 40 
166 150 91 40 
168 150 91 40 
168 151 91 40 
169 151 91 40 
172 151 91 40 
173 152 91 40 
