352 213 67 56 
350 211 66 55 
348 212 66 55 
347 211 66 55 
345 210 66 55 
343 209 66 55 
341 208 66 55 
341 206 66 55 
339 205 66 55 
337 204 67 56 
337 203 67 56 
334 203 67 56 
333 201 67 56 
332 200 66 55 
330 198 66 55 
328 197 66 55 
327 197 66 55 
328 195 65 55 
324 193 66 55 
323 193 66 55 
321 191 66 55 
320 189 66 55 
318 188 65 55 
317 186 65 55 
315 185 65 54 
316 182 65 54 
313 182 65 54 
312 177 65 54 
312 176 65 54 
311 174 65 55 
313 173 65 54 
309 170 65 54 
310 168 65 55 
312 166 65 55 
312 163 65 54 
309 161 65 54 
309 160 65 55 
309 155 66 55 
312 153 66 55 
312 151 65 55 
309 149 65 55 
308 147 65 54 
310 144 65 54 
310 144 65 54 
309 143 65 55 
309 141 65 54 
309 140 65 55 
311 138 65 54 
310 136 65 54 
310 136 65 54 
310 136 65 54 
309 135 65 54 
309 132 65 54 
309 132 65 54 
310 131 65 54 
312 131 65 54 
312 132 65 54 
312 131 65 55 
313 133 65 55 
314 132 65 54 
314 131 65 54 
313 129 65 54 
315 130 65 54 
315 129 65 54 
315 128 65 55 
315 129 65 55 
316 128 65 55 
317 127 65 55 
318 128 65 54 
318 128 65 54 
318 127 65 54 
320 125 65 55 
320 125 65 55 
322 125 65 54 
327 124 65 55 
323 124 65 55 
325 122 66 55 
330 122 66 55 
327 122 66 55 
326 120 66 55 
326 120 66 55 
328 119 65 54 
328 119 65 54 
330 119 66 55 
330 118 66 55 
330 118 66 55 
331 117 66 55 
331 116 65 54 
332 116 65 54 
332 116 66 55 
332 117 65 55 
336 114 65 54 
334 116 65 55 
334 114 66 55 
335 116 66 55 
334 114 65 55 
334 114 66 55 
334 113 65 55 
335 112 65 54 
336 113 65 55 
335 114 65 54 
336 114 65 54 
334 115 64 54 
334 111 65 54 
335 112 65 54 
334 111 65 54 
334 111 65 54 
335 113 65 54 
335 113 65 54 
338 113 64 54 
341 112 65 54 
337 115 65 54 
337 114 65 54 
337 113 65 55 
335 112 65 54 
340 114 65 54 
337 114 64 54 
341 110 64 54 
341 113 64 54 
342 116 64 53 
341 114 64 53 
335 117 64 53 
335 118 64 54 
335 118 64 54 
335 118 64 54 
334 119 64 53 
335 120 64 53 
334 120 64 53 
333 120 64 53 
334 122 64 53 
334 122 64 53 
333 122 64 53 
333 122 64 53 
329 124 64 53 
330 125 64 53 
329 127 64 53 
332 125 64 53 
331 126 63 53 
330 127 64 53 
330 128 64 53 
328 134 64 53 
325 128 64 53 
332 130 64 54 
327 127 64 53 
326 128 64 53 
326 131 63 53 
328 129 63 53 
330 106 63 53 
330 106 63 53 
334 107 63 53 
326 107 63 53 
323 124 63 53 
323 133 63 52 
324 130 63 53 
323 131 63 52 
328 133 63 53 
321 130 63 53 
321 130 63 53 
320 131 63 53 
321 131 63 53 
321 131 63 53 
318 134 63 53 
318 135 64 53 
316 136 63 53 
316 136 63 53 
315 137 63 53 
315 138 63 53 
315 139 63 53 
314 140 63 53 
313 141 63 53 
312 142 63 53 
314 142 63 53 
313 141 64 53 
313 143 63 53 
312 145 64 53 
312 145 64 53 
311 145 64 53 
309 145 64 53 
308 146 64 53 
306 147 64 53 
309 146 64 53 
308 148 63 53 
308 149 63 53 
309 149 63 53 
307 151 63 53 
305 154 63 53 
305 156 63 53 
305 156 63 53 
305 156 63 53 
304 158 63 53 
303 158 63 53 
301 159 64 53 
302 160 64 53 
301 162 63 53 
299 164 63 53 
297 165 63 53 
298 168 64 53 
296 169 63 53 
296 174 63 53 
292 173 63 53 
297 177 63 53 
291 179 63 52 
294 180 63 53 
293 181 62 52 
294 184 62 52 
294 184 62 52 
295 187 62 52 
293 189 62 52 
292 192 62 52 
292 192 61 51 
291 194 62 52 
293 197 62 52 
292 199 62 51 
291 199 62 52 
290 200 61 51 
288 200 61 51 
286 200 61 51 
286 200 61 51 
286 202 61 51 
286 202 61 51 
285 203 62 52 
284 203 62 52 
283 203 62 52 
283 203 62 52 
284 203 63 52 
284 204 63 53 
283 205 64 53 
282 204 63 53 
